Date,Open,High,Low,Close,Adj Close,Volume
2010-01-04,158.990005,159.389999,157.710007,158.029999,158.029999,408300
2010-01-05,158.649994,158.649994,152.320007,156.710007,156.710007,1224700
2010-01-06,156.449997,158.789993,154.289993,155.240005,155.240005,1074300
2010-01-07,155.919998,157.910004,155.139999,157.300003,157.300003,424500
2010-01-08,156.729996,156.990005,155.139999,155.279999,155.279999,461900
2010-01-11,155.009995,155.649994,153.889999,155.479996,155.479996,440400
2010-01-12,155.259995,156.190002,153.550003,155.139999,155.139999,453500
2010-01-13,154.830002,155.509995,153.970001,154.75,154.75,362100
2010-01-14,154.5,154.720001,152.75,154.380005,154.380005,375200
2010-01-15,154.139999,155.529999,153.639999,155.080002,155.080002,697300
2010-01-19,154.809998,157.429993,154.350006,157.279999,157.279999,591700
2010-01-20,156.380005,157.889999,155.339996,156.369995,156.369995,682200
2010-01-21,156.979996,159.009995,156.979996,157.330002,157.330002,560100
2010-01-22,156.940002,158.720001,155.509995,155.869995,155.869995,661100
2010-01-25,156.75,157.610001,156.070007,156.440002,156.440002,509700
2010-01-26,155.740005,158.559998,155.470001,158.339996,158.339996,542100
2010-01-27,158.339996,159.589996,155.570007,156.380005,156.380005,661700
2010-01-28,156.690002,157.289993,154.440002,155.419998,155.419998,399200
2010-01-29,155.309998,156.660004,154.970001,155.029999,155.029999,422300
2010-02-01,155.449997,157.039993,155.410004,156.5,156.5,283800
2010-02-02,156.339996,158.050003,155.839996,157.580002,157.580002,364700
2010-02-03,157.179993,157.580002,156.190002,157.089996,157.089996,322200
2010-02-04,156.570007,157.369995,154.339996,154.399994,154.399994,689300
2010-02-05,154.380005,156.020004,153.440002,155.380005,155.380005,820800
2010-02-08,157.559998,159.449997,156.940002,156.940002,156.940002,666200
2010-02-09,158.089996,159.630005,155.869995,159.050003,159.050003,485800
2010-02-10,158.580002,159.449997,157.889999,158.5,158.5,329000
2010-02-11,158.5,159.169998,157.199997,158.649994,158.649994,528100
2010-02-12,158.199997,161.130005,157.720001,160.850006,160.850006,481200
2010-02-16,161.320007,164.919998,161.020004,164.869995,164.869995,737500
2010-02-17,164.5,165.729996,163.449997,165.619995,165.619995,328500
2010-02-18,162.690002,163.419998,160.199997,163.190002,163.190002,892100
2010-02-19,163.0,164.520004,162.539993,163.669998,163.669998,490100
2010-02-22,164.300003,164.429993,162.979996,163.070007,163.070007,275700
2010-02-23,162.600006,165.850006,162.600006,164.240005,164.240005,434600
2010-02-24,163.770004,165.5,163.279999,164.960007,164.960007,494100
2010-02-25,162.869995,166.309998,162.759995,166.080002,166.080002,686700
2010-02-26,166.5,167.089996,164.509995,165.929993,165.929993,584000
2010-03-01,165.429993,166.660004,164.300003,166.0,166.0,704200
2010-03-02,168.339996,170.330002,164.529999,164.740005,164.740005,1696900
2010-03-03,163.880005,166.270004,162.570007,164.570007,164.570007,943100
2010-03-04,164.779999,168.399994,164.75,167.619995,167.619995,742100
2010-03-05,168.5,169.75,167.860001,168.789993,168.789993,536100
2010-03-08,168.759995,168.970001,167.770004,168.149994,168.149994,495400
2010-03-09,167.100006,169.690002,167.020004,167.860001,167.860001,563300
2010-03-10,167.360001,169.059998,167.360001,168.089996,168.089996,633700
2010-03-11,167.300003,168.770004,166.720001,168.660004,168.660004,333600
2010-03-12,168.729996,169.330002,168.089996,168.889999,168.889999,256600
2010-03-15,168.889999,169.169998,167.789993,169.0,169.0,305300
2010-03-16,167.789993,169.330002,167.460007,169.169998,169.169998,516100
2010-03-17,168.479996,173.029999,168.479996,172.0,172.0,672200
2010-03-18,172.490005,174.149994,171.289993,172.210007,172.210007,309300
2010-03-19,172.279999,173.190002,170.149994,172.279999,172.279999,551100
2010-03-22,172.649994,174.820007,171.619995,174.190002,174.190002,518500
2010-03-23,173.809998,175.389999,173.639999,175.050003,175.050003,346000
2010-03-24,174.330002,174.330002,172.75,173.570007,173.570007,437100
2010-03-25,174.850006,175.229996,173.820007,173.929993,173.929993,368000
2010-03-26,173.929993,175.350006,173.309998,174.220001,174.220001,308000
2010-03-29,174.309998,174.729996,172.869995,173.229996,173.229996,293800
2010-03-30,172.839996,174.889999,172.729996,173.580002,173.580002,343700
2010-03-31,173.110001,173.839996,172.429993,173.089996,173.089996,297500
2010-04-01,173.820007,175.330002,173.820007,174.880005,174.880005,288100
2010-04-05,174.589996,174.990005,172.899994,173.529999,173.529999,403200
2010-04-06,173.509995,174.139999,172.589996,173.970001,173.970001,281500
2010-04-07,173.699997,176.630005,172.619995,176.0,176.0,389200
2010-04-08,175.440002,176.089996,174.169998,175.050003,175.050003,347300
2010-04-09,175.330002,175.600006,174.199997,175.289993,175.289993,232600
2010-04-12,175.360001,176.100006,174.830002,175.419998,175.419998,219800
2010-04-13,175.240005,176.059998,174.679993,175.440002,175.440002,225400
2010-04-14,176.440002,180.199997,175.619995,179.800003,179.800003,395000
2010-04-15,179.639999,181.25,179.020004,181.050003,181.050003,349000
2010-04-16,181.009995,181.5,179.539993,180.110001,180.110001,506600
2010-04-19,180.149994,180.729996,177.669998,180.0,180.0,330900
2010-04-20,180.169998,180.990005,179.199997,179.759995,179.759995,236300
2010-04-21,179.990005,181.320007,179.080002,181.0,181.0,249200
2010-04-22,180.050003,183.270004,180.050003,182.240005,182.240005,454000
2010-04-23,182.050003,184.070007,181.669998,184.050003,184.050003,229400
2010-04-26,184.979996,185.470001,183.539993,185.130005,185.130005,226700
2010-04-27,185.190002,185.990005,181.820007,182.029999,182.029999,326700
2010-04-28,182.169998,183.649994,179.100006,180.259995,180.259995,353100
2010-04-29,181.100006,187.160004,181.100006,185.639999,185.639999,398700
2010-04-30,186.490005,187.940002,183.610001,185.009995,185.009995,443100
2010-05-03,184.470001,186.330002,183.860001,186.330002,186.330002,373100
2010-05-04,185.100006,185.100006,181.580002,183.830002,183.830002,307700
2010-05-05,183.0,185.149994,182.699997,183.029999,183.029999,468000
2010-05-06,182.690002,183.100006,171.649994,178.130005,178.130005,675500
2010-05-07,178.809998,180.009995,172.190002,176.080002,176.080002,569300
2010-05-10,179.710007,183.289993,179.139999,183.149994,183.149994,554400
2010-05-11,182.229996,184.449997,182.110001,183.860001,183.860001,518200
2010-05-12,184.449997,185.399994,182.449997,185.220001,185.220001,320900
2010-05-13,185.389999,185.389999,180.600006,180.949997,180.949997,316000
2010-05-14,180.899994,182.229996,178.899994,180.309998,180.309998,535800
2010-05-17,180.899994,184.100006,178.490005,183.720001,183.720001,605700
2010-05-18,183.770004,185.460007,180.5,180.800003,180.800003,369700
2010-05-19,180.0,184.190002,179.5,182.039993,182.039993,444400
2010-05-20,182.429993,184.0,179.570007,179.660004,179.660004,925700
2010-05-21,177.660004,183.970001,177.660004,183.470001,183.470001,651000
2010-05-24,181.770004,186.240005,180.020004,184.25,184.25,516900
2010-05-25,188.410004,195.589996,185.190002,194.570007,194.570007,2169500
2010-05-26,194.229996,195.75,189.699997,190.179993,190.179993,899000
2010-05-27,192.0,192.429993,191.300003,192.0,192.0,978000
2010-05-28,190.899994,193.330002,190.880005,190.880005,190.880005,998100
2010-06-01,191.320007,194.130005,189.240005,191.460007,191.460007,815800
2010-06-02,192.75,192.75,189.880005,192.649994,192.649994,1057500
2010-06-03,192.139999,192.990005,191.339996,192.929993,192.929993,672400
2010-06-04,191.429993,192.220001,188.190002,188.889999,188.889999,698100
2010-06-07,190.100006,190.960007,185.850006,186.089996,186.089996,629900
2010-06-08,186.0,188.949997,185.509995,188.889999,188.889999,707400
2010-06-09,189.850006,191.660004,187.949997,188.589996,188.589996,627600
2010-06-10,185.910004,188.809998,183.699997,187.720001,187.720001,1364900
2010-06-11,187.619995,189.809998,185.210007,189.300003,189.300003,866200
2010-06-14,190.419998,192.539993,190.089996,190.660004,190.660004,467700
2010-06-15,191.5,194.270004,190.220001,194.229996,194.229996,681200
2010-06-16,193.919998,196.490005,193.910004,195.410004,195.410004,596700
2010-06-17,194.910004,196.059998,193.190002,195.130005,195.130005,459200
2010-06-18,195.639999,196.75,194.740005,195.309998,195.309998,590500
2010-06-21,196.75,196.949997,194.330002,194.850006,194.850006,559200
2010-06-22,194.699997,196.649994,192.630005,192.850006,192.850006,534400
2010-06-23,192.600006,196.699997,192.130005,196.229996,196.229996,654000
2010-06-24,195.529999,196.809998,192.910004,195.639999,195.639999,656100
2010-06-25,196.5,197.630005,194.970001,196.130005,196.130005,645000
2010-06-28,196.130005,198.220001,195.080002,196.210007,196.210007,417900
2010-06-29,194.869995,197.460007,192.169998,195.529999,195.529999,728900
2010-06-30,195.279999,197.130005,192.699997,193.220001,193.220001,560300
2010-07-01,193.0,195.199997,189.380005,194.720001,194.720001,743400
2010-07-02,195.5,196.360001,194.0,195.009995,195.009995,447600
2010-07-06,196.320007,197.369995,192.649994,194.660004,194.660004,611200
2010-07-07,194.160004,197.330002,194.100006,197.110001,197.110001,690900
2010-07-08,197.75,200.589996,197.080002,198.100006,198.100006,763100
2010-07-09,198.399994,200.740005,197.600006,200.119995,200.119995,557000
2010-07-12,200.380005,203.5,199.759995,202.690002,202.690002,637700
2010-07-13,203.979996,206.419998,203.050003,205.429993,205.429993,609300
2010-07-14,205.309998,206.149994,203.800003,204.960007,204.960007,594700
2010-07-15,204.699997,205.449997,203.600006,204.910004,204.910004,932600
2010-07-16,204.550003,204.960007,201.509995,202.25,202.25,636900
2010-07-19,202.919998,204.809998,201.899994,203.850006,203.850006,395000
2010-07-20,201.970001,208.199997,201.970001,207.5,207.5,619100
2010-07-21,207.919998,207.919998,205.809998,206.289993,206.289993,531300
2010-07-22,207.25,208.0,205.770004,206.940002,206.940002,985700
2010-07-23,206.5,207.479996,206.110001,207.0,207.0,1125800
2010-07-26,207.899994,212.270004,207.789993,212.059998,212.059998,693000
2010-07-27,213.0,213.0,209.619995,209.960007,209.960007,633500
2010-07-28,210.470001,211.470001,209.589996,210.369995,210.369995,864200
2010-07-29,211.399994,211.729996,207.100006,208.770004,208.770004,802000
2010-07-30,207.899994,212.380005,207.679993,211.570007,211.570007,525500
2010-08-02,213.509995,213.649994,211.100006,211.850006,211.850006,604000
2010-08-03,209.470001,209.470001,205.389999,206.830002,206.830002,770300
2010-08-04,207.0,208.039993,204.910004,205.759995,205.759995,677000
2010-08-05,204.710007,206.429993,204.0,205.850006,205.850006,498900
2010-08-06,205.25,207.600006,204.25,207.389999,207.389999,460700
2010-08-09,208.100006,208.789993,207.0,207.270004,207.270004,672200
2010-08-10,206.820007,207.75,205.889999,206.830002,206.830002,686000
2010-08-11,205.279999,206.320007,204.009995,204.559998,204.559998,390700
2010-08-12,203.050003,207.289993,203.050003,206.5,206.5,539200
2010-08-13,206.220001,209.300003,206.220001,207.860001,207.860001,624100
2010-08-16,206.869995,207.160004,205.949997,207.0,207.0,467200
2010-08-17,207.850006,210.990005,207.720001,210.070007,210.070007,395500
2010-08-18,209.800003,213.789993,209.589996,212.399994,212.399994,377800
2010-08-19,212.440002,213.039993,210.110001,211.0,211.0,369600
2010-08-20,209.520004,213.600006,209.520004,213.070007,213.070007,369700
2010-08-23,213.360001,215.210007,212.880005,213.610001,213.610001,343200
2010-08-24,213.130005,213.399994,209.300003,209.880005,209.880005,534200
2010-08-25,209.020004,211.410004,208.009995,210.5,210.5,440800
2010-08-26,211.479996,214.110001,211.080002,211.460007,211.460007,402000
2010-08-27,211.660004,215.149994,211.660004,214.649994,214.649994,375900
2010-08-30,213.449997,213.600006,210.899994,211.029999,211.029999,386900
2010-08-31,210.589996,213.210007,209.529999,209.779999,209.779999,479200
2010-09-01,212.0,214.929993,210.25,214.089996,214.089996,501800
2010-09-02,214.25,217.149994,213.639999,216.940002,216.940002,457600
2010-09-03,218.0,219.229996,216.509995,218.449997,218.449997,264800
2010-09-07,217.940002,219.5,217.649994,218.550003,218.550003,323500
2010-09-08,218.539993,221.539993,218.210007,220.240005,220.240005,414500
2010-09-09,221.179993,221.570007,215.880005,217.259995,217.259995,440200
2010-09-10,217.399994,218.970001,217.270004,217.899994,217.899994,275200
2010-09-13,214.990005,217.279999,213.520004,216.75,216.75,494400
2010-09-14,216.860001,219.410004,215.710007,218.270004,218.270004,349000
2010-09-15,217.990005,219.309998,217.380005,219.300003,219.300003,269700
2010-09-16,218.820007,219.389999,217.889999,218.889999,218.889999,388000
2010-09-17,219.949997,220.919998,218.279999,220.880005,220.880005,682800
2010-09-20,222.0,222.869995,219.509995,220.139999,220.139999,784000
2010-09-21,221.899994,221.899994,214.0,217.020004,217.020004,1168500
2010-09-22,216.429993,223.25,216.429993,222.100006,222.100006,820400
2010-09-23,221.080002,225.0,220.979996,222.639999,222.639999,488400
2010-09-24,224.190002,226.059998,224.0,225.729996,225.729996,458700
2010-09-27,225.589996,226.75,224.0,225.740005,225.740005,422900
2010-09-28,226.309998,228.75,224.740005,228.199997,228.199997,524800
2010-09-29,228.149994,231.229996,228.009995,230.559998,230.559998,734600
2010-09-30,231.5,231.729996,226.800003,228.910004,228.910004,679900
2010-10-01,229.949997,230.0,227.809998,228.830002,228.830002,614500
2010-10-04,229.75,232.130005,228.759995,230.630005,230.630005,615600
2010-10-05,232.240005,233.990005,231.509995,233.330002,233.330002,755200
2010-10-06,233.100006,233.990005,232.100006,233.0,233.0,480800
2010-10-07,233.979996,233.990005,232.339996,233.0,233.0,481200
2010-10-08,233.5,233.779999,231.919998,232.809998,232.809998,626900
2010-10-11,234.0,234.5,232.070007,232.830002,232.830002,455600
2010-10-12,233.050003,233.910004,231.529999,232.949997,232.949997,503900
2010-10-13,233.699997,233.699997,231.380005,232.550003,232.550003,733700
2010-10-14,232.699997,233.369995,231.139999,233.0,233.0,623900
2010-10-15,233.5,233.75,232.039993,232.960007,232.960007,621100
2010-10-18,232.710007,233.100006,231.059998,232.800003,232.800003,446900
2010-10-19,231.399994,233.0,227.699997,229.470001,229.470001,719500
2010-10-20,229.919998,233.0,229.839996,231.899994,231.899994,444200
2010-10-21,232.580002,234.470001,229.990005,231.369995,231.369995,427500
2010-10-22,231.649994,234.979996,230.720001,234.720001,234.720001,330600
2010-10-25,234.899994,236.75,234.759995,235.119995,235.119995,378300
2010-10-26,234.470001,237.0,234.470001,236.5,236.5,440500
2010-10-27,234.759995,236.059998,232.940002,235.850006,235.850006,339000
2010-10-28,236.929993,237.929993,234.800003,236.800003,236.800003,425200
2010-10-29,235.880005,237.690002,235.350006,237.630005,237.630005,233700
2010-11-01,237.690002,238.0,234.339996,235.639999,235.639999,326200
2010-11-02,237.0,238.860001,236.25,237.990005,237.990005,271200
2010-11-03,237.839996,238.699997,236.0,238.0,238.0,533800
2010-11-04,239.149994,239.479996,237.940002,239.240005,239.240005,618700
2010-11-05,239.169998,240.5,239.169998,239.869995,239.869995,439900
2010-11-08,238.850006,243.619995,238.589996,242.850006,242.850006,400400
2010-11-09,243.050003,243.660004,242.050003,243.0,243.0,328600
2010-11-10,243.220001,249.529999,242.869995,248.949997,248.949997,729800
2010-11-11,248.960007,252.479996,248.550003,252.089996,252.089996,617400
2010-11-12,251.210007,252.399994,249.350006,250.679993,250.679993,340600
2010-11-15,251.550003,253.470001,250.880005,251.389999,251.389999,389800
2010-11-16,250.789993,252.880005,248.600006,249.0,249.0,338400
2010-11-17,249.139999,250.699997,248.169998,249.229996,249.229996,329600
2010-11-18,251.710007,253.5,251.139999,251.169998,251.169998,369700
2010-11-19,250.949997,251.850006,250.339996,251.199997,251.199997,375700
2010-11-22,250.770004,256.0,250.770004,255.649994,255.649994,426900
2010-11-23,254.309998,255.130005,250.919998,254.910004,254.910004,248200
2010-11-24,255.309998,259.140015,255.309998,259.140015,259.140015,281100
2010-11-26,258.059998,259.75,257.179993,259.480011,259.480011,162600
2010-11-29,259.220001,259.519989,255.229996,257.799988,257.799988,353500
2010-11-30,256.869995,260.25,256.720001,259.410004,259.410004,429500
2010-12-01,261.890015,262.0,259.730011,260.559998,260.559998,362300
2010-12-02,260.959991,263.48999,259.910004,263.200012,263.200012,271100
2010-12-03,263.200012,265.48999,262.399994,265.200012,265.200012,360500
2010-12-06,265.98999,266.25,261.769989,261.910004,261.910004,750600
2010-12-07,270.309998,271.269989,255.940002,260.149994,260.149994,1553900
2010-12-08,260.48999,263.26001,259.399994,262.570007,262.570007,521200
2010-12-09,262.609985,264.609985,260.720001,263.899994,263.899994,301000
2010-12-10,263.570007,264.950012,262.420013,264.73999,264.73999,239500
2010-12-13,264.910004,266.290009,264.480011,264.5,264.5,336200
2010-12-14,264.890015,264.890015,261.779999,262.660004,262.660004,283100
2010-12-15,262.040009,264.820007,262.040009,262.549988,262.549988,260600
2010-12-16,264.01001,269.720001,262.940002,269.109985,269.109985,452400
2010-12-17,269.109985,271.0,269.109985,269.98999,269.98999,537400
2010-12-20,271.679993,272.869995,269.200012,272.769989,272.769989,365400
2010-12-21,273.040009,273.399994,271.420013,272.190002,272.190002,355600
2010-12-22,273.0,273.0,271.089996,272.059998,272.059998,194600
2010-12-23,272.100006,272.690002,270.980011,271.899994,271.899994,144200
2010-12-27,271.549988,271.619995,270.0,270.920013,270.920013,106000
2010-12-28,270.980011,272.559998,270.519989,272.470001,272.470001,285000
2010-12-29,272.48999,274.5,272.01001,273.640015,273.640015,245900
2010-12-30,273.75,276.0,273.619995,275.5,275.5,153400
2010-12-31,274.959991,275.040009,272.25,272.589996,272.589996,159100
2011-01-03,273.48999,273.98999,266.609985,268.399994,268.399994,618100
2011-01-04,269.149994,269.149994,257.070007,258.359985,258.359985,1115900
2011-01-05,256.910004,258.890015,254.839996,255.199997,255.199997,825000
2011-01-06,254.039993,254.940002,246.619995,249.550003,249.550003,1103100
2011-01-07,250.759995,253.169998,249.410004,250.669998,250.669998,817700
2011-01-10,249.779999,254.179993,249.75,252.740005,252.740005,618200
2011-01-11,253.490005,254.720001,250.009995,251.520004,251.520004,417100
2011-01-12,252.050003,252.759995,249.619995,251.160004,251.160004,633100
2011-01-13,251.270004,252.830002,250.139999,251.929993,251.929993,477500
2011-01-14,251.259995,253.220001,249.770004,252.619995,252.619995,426700
2011-01-18,251.839996,253.330002,250.220001,250.589996,250.589996,478800
2011-01-19,250.850006,252.0,249.070007,249.990005,249.990005,666400
2011-01-20,249.520004,252.809998,249.0,252.559998,252.559998,648100
2011-01-21,253.970001,254.960007,251.770004,252.130005,252.130005,770300
2011-01-24,252.5,253.009995,249.919998,251.490005,251.490005,469100
2011-01-25,249.5,251.589996,247.350006,248.699997,248.699997,487100
2011-01-26,249.199997,251.830002,246.259995,250.070007,250.070007,523000
2011-01-27,250.410004,257.98999,250.240005,256.100006,256.100006,579500
2011-01-28,256.799988,257.399994,250.619995,251.059998,251.059998,390100
2011-01-31,251.389999,255.380005,251.070007,253.529999,253.529999,360400
2011-02-01,254.570007,255.210007,251.800003,255.0,255.0,340100
2011-02-02,254.789993,254.949997,251.059998,251.759995,251.759995,270400
2011-02-03,251.360001,255.699997,251.360001,255.009995,255.009995,421200
2011-02-04,254.710007,260.179993,254.330002,258.700012,258.700012,328700
2011-02-07,259.0,261.589996,257.350006,258.029999,258.029999,271400
2011-02-08,258.029999,259.98999,257.779999,259.829987,259.829987,218600
2011-02-09,259.5,263.619995,259.100006,261.76001,261.76001,285000
2011-02-10,260.829987,261.5,256.149994,259.640015,259.640015,361100
2011-02-11,259.140015,261.720001,258.640015,260.880005,260.880005,200800
2011-02-14,261.160004,261.76001,259.700012,260.820007,260.820007,227300
2011-02-15,260.519989,260.980011,259.329987,260.809998,260.809998,287100
2011-02-16,262.0,265.540009,261.579987,262.779999,262.779999,213500
2011-02-17,262.220001,262.220001,254.710007,255.570007,255.570007,418400
2011-02-18,256.480011,259.040009,253.710007,255.639999,255.639999,338500
2011-02-22,253.130005,254.580002,249.100006,252.589996,252.589996,383600
2011-02-23,252.529999,254.580002,247.360001,250.639999,250.639999,398600
2011-02-24,252.089996,254.199997,249.050003,253.25,253.25,289300
2011-02-25,254.910004,255.75,252.539993,255.389999,255.389999,277400
2011-02-28,255.509995,260.0,255.449997,257.950012,257.950012,524800
2011-03-01,265.540009,267.980011,260.209991,263.519989,263.519989,1016900
2011-03-02,263.73999,264.540009,260.679993,262.839996,262.839996,564700
2011-03-03,264.459991,266.950012,263.01001,266.529999,266.529999,483400
2011-03-04,266.529999,268.75,263.290009,265.420013,265.420013,261800
2011-03-07,265.75,267.459991,262.950012,263.25,263.25,357600
2011-03-08,263.660004,269.799988,262.980011,267.959991,267.959991,403800
2011-03-09,268.019989,269.630005,266.850006,268.209991,268.209991,272900
2011-03-10,266.76001,268.799988,265.0,266.709991,266.709991,290900
2011-03-11,266.600006,267.369995,263.119995,265.929993,265.929993,270500
2011-03-14,263.890015,265.309998,261.890015,264.809998,264.809998,236400
2011-03-15,259.5,264.470001,256.859985,263.140015,263.140015,345300
2011-03-16,261.23999,265.709991,260.619995,261.309998,261.309998,395800
2011-03-17,264.170013,264.920013,261.570007,261.950012,261.950012,225100
2011-03-18,263.630005,264.709991,260.070007,262.980011,262.980011,500000
2011-03-21,264.329987,266.179993,262.380005,264.089996,264.089996,423400
2011-03-22,264.450012,265.790009,261.75,264.720001,264.720001,376400
2011-03-23,264.850006,271.0,262.799988,270.059998,270.059998,458300
2011-03-24,271.0,273.26001,269.440002,272.109985,272.109985,399200
2011-03-25,272.75,277.5,270.709991,275.48999,275.48999,435200
2011-03-28,276.160004,276.160004,270.820007,270.929993,270.929993,307900
2011-03-29,271.119995,273.470001,268.799988,273.440002,273.440002,314300
2011-03-30,274.25,276.040009,273.0,273.940002,273.940002,271900
2011-03-31,273.190002,273.869995,270.799988,273.559998,273.559998,359800
2011-04-01,274.220001,276.049988,273.269989,274.670013,274.670013,261400
2011-04-04,275.0,275.76001,272.540009,274.279999,274.279999,213100
2011-04-05,273.640015,279.940002,273.089996,276.640015,276.640015,327300
2011-04-06,276.850006,279.350006,276.51001,276.589996,276.589996,219800
2011-04-07,276.559998,277.829987,272.980011,275.839996,275.839996,256600
2011-04-08,277.600006,277.600006,274.51001,276.26001,276.26001,238800
2011-04-11,272.609985,273.98999,269.679993,272.929993,272.929993,384600
2011-04-12,272.149994,279.0,270.0,277.769989,277.769989,661500
2011-04-13,276.220001,279.98999,276.220001,279.76001,279.76001,419700
2011-04-14,278.75,280.73999,277.269989,278.850006,278.850006,455400
2011-04-15,279.76001,281.959991,278.720001,280.079987,280.079987,370300
2011-04-18,280.279999,280.279999,274.769989,279.320007,279.320007,244200
2011-04-19,279.079987,279.089996,276.070007,278.279999,278.279999,250500
2011-04-20,280.579987,284.600006,280.450012,283.959991,283.959991,376900
2011-04-21,284.0,284.970001,282.690002,284.850006,284.850006,310300
2011-04-25,284.709991,284.940002,281.160004,282.5,282.5,145500
2011-04-26,283.059998,283.829987,281.720001,282.070007,282.070007,306300
2011-04-27,283.730011,283.920013,281.0,281.5,281.5,619900
2011-04-28,280.019989,284.420013,279.679993,282.480011,282.480011,298600
2011-04-29,282.269989,283.26001,281.089996,282.380005,282.380005,251000
2011-05-02,283.200012,284.570007,280.5,281.179993,281.179993,206000
2011-05-03,284.799988,285.0,282.390015,283.440002,283.440002,414000
2011-05-04,283.700012,284.48999,282.179993,283.350006,283.350006,280000
2011-05-05,282.0,287.0,281.040009,285.279999,285.279999,294100
2011-05-06,286.820007,286.98999,281.130005,281.559998,281.559998,269000
2011-05-09,281.170013,285.829987,281.170013,284.640015,284.640015,253000
2011-05-10,285.040009,287.0,285.040009,286.410004,286.410004,248400
2011-05-11,288.420013,288.420013,279.350006,286.380005,286.380005,454000
2011-05-12,286.179993,288.5,284.019989,287.890015,287.890015,360000
2011-05-13,287.890015,288.5,284.26001,286.299988,286.299988,239400
2011-05-16,286.23999,287.519989,283.350006,283.649994,283.649994,238100
2011-05-17,282.880005,283.089996,279.26001,281.480011,281.480011,239000
2011-05-18,281.970001,283.670013,280.420013,282.5,282.5,259600
2011-05-19,277.01001,279.0,274.329987,277.149994,277.149994,770000
2011-05-20,276.690002,278.209991,274.559998,276.600006,276.600006,462100
2011-05-23,276.290009,277.609985,273.179993,276.779999,276.779999,473300
2011-05-24,288.070007,295.170013,286.799988,293.299988,293.299988,1154000
2011-05-25,294.440002,298.0,293.0,297.980011,297.980011,607200
2011-05-26,297.980011,298.470001,296.0,296.609985,296.609985,540000
2011-05-27,295.269989,297.809998,294.839996,296.709991,296.709991,293900
2011-05-31,298.859985,299.600006,293.119995,294.0,294.0,486200
2011-06-01,294.0,295.179993,293.029999,293.109985,293.109985,378800
2011-06-02,294.119995,294.119995,289.0,289.649994,289.649994,287000
2011-06-03,287.299988,290.5,284.829987,285.480011,285.480011,325900
2011-06-06,286.630005,287.220001,283.940002,285.640015,285.640015,316800
2011-06-07,285.0,289.390015,284.119995,284.5,284.5,338700
2011-06-08,284.809998,289.48999,283.25,288.529999,288.529999,485300
2011-06-09,288.369995,292.540009,286.980011,291.940002,291.940002,305100
2011-06-10,290.700012,292.230011,288.709991,290.200012,290.200012,395700
2011-06-13,291.299988,291.299988,288.23999,288.880005,288.880005,313500
2011-06-14,290.230011,290.589996,289.160004,289.869995,289.869995,345300
2011-06-15,289.070007,290.519989,288.450012,289.549988,289.549988,366600
2011-06-16,288.820007,290.149994,285.209991,289.779999,289.779999,447100
2011-06-17,291.0,293.049988,290.359985,291.709991,291.709991,804500
2011-06-20,291.309998,293.149994,290.029999,292.23999,292.23999,496000
2011-06-21,292.399994,292.910004,291.429993,292.429993,292.429993,444600
2011-06-22,292.170013,294.079987,292.170013,292.869995,292.869995,387300
2011-06-23,290.720001,294.269989,290.720001,292.609985,292.609985,476500
2011-06-24,292.549988,293.700012,290.329987,291.600006,291.600006,336900
2011-06-27,290.98999,293.970001,290.0,292.839996,292.839996,267300
2011-06-28,293.5,293.519989,292.579987,292.899994,292.899994,437000
2011-06-29,293.420013,293.540009,290.619995,291.320007,291.320007,342700
2011-06-30,292.549988,296.200012,291.869995,294.850006,294.850006,381100
2011-07-01,295.380005,298.190002,294.859985,297.619995,297.619995,255800
2011-07-05,296.140015,298.529999,294.51001,297.140015,297.140015,289700
2011-07-06,295.290009,298.799988,294.76001,297.75,297.75,333300
2011-07-07,299.0,299.450012,298.0,298.380005,298.380005,330800
2011-07-08,295.809998,298.559998,295.149994,298.279999,298.279999,305700
2011-07-11,295.940002,297.640015,293.839996,295.5,295.5,277500
2011-07-12,293.209991,299.600006,293.100006,297.589996,297.589996,392400
2011-07-13,298.480011,300.399994,296.019989,296.940002,296.940002,312900
2011-07-14,298.369995,302.0,295.26001,297.880005,297.880005,416500
2011-07-15,298.660004,298.660004,294.079987,297.279999,297.279999,292100
2011-07-18,297.079987,297.079987,294.470001,295.359985,295.359985,177100
2011-07-19,296.709991,299.209991,296.160004,298.329987,298.329987,268300
2011-07-20,298.329987,298.619995,294.779999,295.589996,295.589996,180800
2011-07-21,296.359985,297.220001,294.769989,295.519989,295.519989,293600
2011-07-22,296.440002,296.609985,295.119995,295.850006,295.850006,172500
2011-07-25,294.269989,296.369995,293.220001,294.940002,294.940002,228400
2011-07-26,294.820007,296.299988,293.600006,295.160004,295.160004,150700
2011-07-27,293.25,293.329987,287.0,289.149994,289.149994,399300
2011-07-28,287.959991,288.549988,284.5,285.839996,285.839996,255900
2011-07-29,284.459991,288.089996,282.5,285.450012,285.450012,287500
2011-08-01,287.0,287.359985,280.119995,282.25,282.25,349100
2011-08-02,280.850006,284.329987,276.149994,276.709991,276.709991,337600
2011-08-03,276.290009,281.859985,274.399994,281.5,281.5,368500
2011-08-04,279.589996,281.459991,273.089996,273.290009,273.290009,390700
2011-08-05,275.26001,280.670013,270.23999,278.73999,278.73999,663200
2011-08-08,275.100006,278.619995,266.25,268.51001,268.51001,663100
2011-08-09,269.540009,280.440002,269.170013,280.100006,280.100006,686600
2011-08-10,277.859985,281.899994,274.399994,274.820007,274.820007,716900
2011-08-11,278.0,284.040009,278.0,281.890015,281.890015,737400
2011-08-12,286.350006,288.940002,283.049988,287.609985,287.609985,625400
2011-08-15,289.209991,289.209991,282.75,287.399994,287.399994,294000
2011-08-16,285.549988,289.660004,284.109985,288.269989,288.269989,252700
2011-08-17,289.660004,290.480011,284.980011,288.480011,288.480011,205100
2011-08-18,284.339996,289.190002,279.929993,289.160004,289.160004,621200
2011-08-19,285.950012,294.0,285.950012,291.420013,291.420013,572500
2011-08-22,297.690002,297.690002,290.589996,295.700012,295.700012,550900
2011-08-23,296.98999,300.0,294.179993,299.309998,299.309998,399000
2011-08-24,297.540009,304.339996,297.5,304.100006,304.100006,533600
2011-08-25,302.950012,306.0,297.429993,298.429993,298.429993,300300
2011-08-26,297.959991,302.76001,295.309998,301.299988,301.299988,245700
2011-08-29,304.529999,307.690002,303.0,307.140015,307.140015,294100
2011-08-30,307.630005,310.0,305.230011,308.529999,308.529999,431800
2011-08-31,310.23999,310.869995,304.839996,307.0,307.0,321600
2011-09-01,304.309998,312.75,304.309998,312.049988,312.049988,427100
2011-09-02,308.450012,312.170013,307.869995,310.850006,310.850006,373800
2011-09-06,306.0,314.0,304.950012,313.829987,313.829987,485600
2011-09-07,314.5,317.859985,314.25,316.670013,316.670013,343000
2011-09-08,315.959991,318.299988,315.0,316.100006,316.100006,357000
2011-09-09,315.149994,318.790009,312.119995,314.48999,314.48999,333400
2011-09-12,312.970001,316.440002,311.140015,316.179993,316.179993,414500
2011-09-13,316.48999,320.48999,312.380005,319.480011,319.480011,475400
2011-09-14,320.5,326.470001,317.660004,324.380005,324.380005,449800
2011-09-15,325.779999,327.0,324.0,325.769989,325.769989,337700
2011-09-16,327.700012,332.929993,326.690002,331.25,331.25,1197800
2011-09-19,329.309998,333.98999,329.0,331.950012,331.950012,730700
2011-09-20,329.679993,332.950012,325.910004,327.75,327.75,858200
2011-09-21,327.290009,329.0,322.589996,322.790009,322.790009,449200
2011-09-22,317.869995,320.369995,311.720001,316.130005,316.130005,713200
2011-09-23,316.549988,322.619995,316.0,321.700012,321.700012,399800
2011-09-26,323.179993,327.170013,321.470001,327.119995,327.119995,356000
2011-09-27,330.100006,330.100006,324.369995,326.0,326.0,650200
2011-09-28,325.98999,326.309998,321.279999,321.940002,321.940002,335700
2011-09-29,337.230011,337.230011,313.179993,317.579987,317.579987,529500
2011-09-30,314.570007,325.529999,313.709991,319.190002,319.190002,535700
2011-10-03,318.420013,322.019989,311.869995,311.880005,311.880005,428700
2011-10-04,308.209991,320.0,307.160004,320.0,320.0,406100
2011-10-05,320.0,320.369995,311.950012,317.420013,317.420013,382500
2011-10-06,317.059998,323.190002,316.109985,322.369995,322.369995,362100
2011-10-07,323.329987,328.679993,320.420013,324.019989,324.019989,339900
2011-10-10,326.869995,331.829987,325.410004,331.700012,331.700012,330300
2011-10-11,331.179993,332.679993,325.980011,327.609985,327.609985,296900
2011-10-12,328.089996,329.950012,323.73999,327.660004,327.660004,427500
2011-10-13,327.140015,328.76001,325.0,326.559998,326.559998,359900
2011-10-14,329.0,330.0,326.769989,328.119995,328.119995,336400
2011-10-17,325.75,331.429993,325.73999,327.0,327.0,334400
2011-10-18,326.299988,327.309998,324.529999,326.029999,326.029999,489900
2011-10-19,326.029999,327.410004,323.730011,324.98999,324.98999,509500
2011-10-20,327.029999,328.609985,325.179993,326.950012,326.950012,346600
2011-10-21,331.320007,331.640015,327.109985,327.5,327.5,384600
2011-10-24,328.0,330.890015,327.390015,330.190002,330.190002,452900
2011-10-25,330.089996,332.920013,327.399994,327.929993,327.929993,333600
2011-10-26,333.779999,333.779999,325.839996,327.790009,327.790009,304200
2011-10-27,333.089996,333.75,329.51001,330.730011,330.730011,456200
2011-10-28,330.609985,331.640015,326.029999,327.820007,327.820007,245800
2011-10-31,326.01001,328.51001,323.589996,323.589996,323.589996,399800
2011-11-01,318.579987,329.350006,317.309998,325.670013,325.670013,491200
2011-11-02,327.51001,327.619995,323.769989,324.440002,324.440002,389100
2011-11-03,325.609985,326.320007,321.579987,324.660004,324.660004,355600
2011-11-04,324.670013,326.23999,322.309998,325.0,325.0,300600
2011-11-07,323.970001,327.600006,323.839996,327.109985,327.109985,139800
2011-11-08,326.369995,334.0,326.369995,333.790009,333.790009,300900
2011-11-09,330.0,332.880005,325.01001,325.640015,325.640015,277400
2011-11-10,327.609985,331.209991,327.0,330.709991,330.709991,233500
2011-11-11,332.100006,337.959991,330.480011,337.660004,337.660004,230200
2011-11-14,337.850006,341.890015,335.630005,336.230011,336.230011,202400
2011-11-15,336.480011,338.26001,334.790009,337.149994,337.149994,165700
2011-11-16,336.040009,337.399994,331.23999,332.040009,332.040009,134800
2011-11-17,331.589996,332.630005,327.209991,328.320007,328.320007,154900
2011-11-18,329.649994,331.140015,327.640015,329.399994,329.399994,137800
2011-11-21,327.480011,328.720001,323.470001,325.329987,325.329987,209400
2011-11-22,324.410004,325.049988,320.290009,320.820007,320.820007,264600
2011-11-23,319.320007,320.720001,316.600006,318.059998,318.059998,183900
2011-11-25,316.589996,322.959991,315.26001,322.959991,322.959991,151600
2011-11-28,326.230011,329.279999,318.329987,319.51001,319.51001,272000
2011-11-29,319.140015,324.459991,318.75,323.429993,323.429993,175600
2011-11-30,325.73999,330.700012,325.73999,328.380005,328.380005,281900
2011-12-01,329.01001,336.329987,329.01001,335.299988,335.299988,249000
2011-12-02,337.0,339.0,330.220001,330.220001,330.220001,207700
2011-12-05,334.540009,339.440002,332.01001,338.970001,338.970001,296400
2011-12-06,341.059998,343.899994,332.869995,337.809998,337.809998,498500
2011-12-07,337.75,338.269989,333.369995,333.859985,333.859985,391600
2011-12-08,333.579987,334.200012,329.100006,329.670013,329.670013,263400
2011-12-09,329.700012,332.299988,329.220001,329.820007,329.820007,608200
2011-12-12,324.980011,332.390015,324.970001,330.890015,330.890015,344600
2011-12-13,332.459991,334.630005,324.329987,326.100006,326.100006,243200
2011-12-14,325.609985,326.0,322.420013,324.320007,324.320007,208900
2011-12-15,325.320007,330.040009,323.700012,327.320007,327.320007,293900
2011-12-16,328.959991,330.459991,325.940002,326.0,326.0,392000
2011-12-19,325.679993,327.01001,323.920013,324.959991,324.959991,253800
2011-12-20,325.160004,327.089996,324.220001,325.290009,325.290009,673400
2011-12-21,324.940002,331.690002,324.940002,330.0,330.0,369500
2011-12-22,330.75,331.049988,327.850006,329.0,329.0,272900
2011-12-23,330.070007,331.170013,327.98999,330.299988,330.299988,211700
2011-12-27,330.600006,331.480011,329.420013,330.25,330.25,374600
2011-12-28,329.690002,332.0,327.390015,328.220001,328.220001,191300
2011-12-29,328.589996,329.309998,325.399994,326.25,326.25,161000
2011-12-30,324.880005,329.399994,324.23999,324.970001,324.970001,225900
2012-01-03,327.720001,328.48999,318.119995,319.790009,319.790009,539700
2012-01-04,318.230011,327.910004,313.109985,326.959991,326.959991,916200
2012-01-05,323.980011,334.100006,321.190002,333.850006,333.850006,666500
2012-01-06,333.850006,339.230011,331.929993,338.040009,338.040009,571800
2012-01-09,337.980011,340.51001,336.450012,339.5,339.5,470200
2012-01-10,340.799988,341.269989,337.75,340.140015,340.140015,528400
2012-01-11,340.720001,342.589996,339.029999,341.869995,341.869995,496500
2012-01-12,341.589996,343.48999,339.390015,342.980011,342.980011,337400
2012-01-13,342.339996,344.440002,340.130005,344.440002,344.440002,276200
2012-01-17,345.0,346.0,344.0,345.0,345.0,506000
2012-01-18,343.970001,346.970001,342.579987,346.279999,346.279999,523400
2012-01-19,347.480011,347.480011,344.630005,346.5,346.5,671600
2012-01-20,344.959991,350.549988,344.600006,347.0,347.0,800900
2012-01-23,347.470001,347.799988,345.429993,347.01001,347.01001,366400
2012-01-24,346.540009,347.600006,345.190002,346.75,346.75,236600
2012-01-25,346.5,348.589996,345.0,348.579987,348.579987,262800
2012-01-26,348.619995,348.899994,347.23999,347.910004,347.910004,323100
2012-01-27,347.700012,349.0,345.029999,347.579987,347.579987,301900
2012-01-30,346.540009,349.600006,346.200012,347.670013,347.670013,217600
2012-01-31,349.600006,351.220001,346.440002,347.880005,347.880005,234800
2012-02-01,348.809998,353.480011,348.200012,352.98999,352.98999,258200
2012-02-02,352.600006,353.25,349.140015,349.170013,349.170013,160000
2012-02-03,348.179993,356.799988,348.179993,353.179993,353.179993,160500
2012-02-06,352.01001,352.01001,350.070007,350.76001,350.76001,162000
2012-02-07,350.589996,351.75,347.959991,350.480011,350.480011,176500
2012-02-08,350.619995,351.929993,347.200012,349.149994,349.149994,220500
2012-02-09,347.269989,354.25,347.269989,354.040009,354.040009,305600
2012-02-10,353.200012,354.170013,352.059998,354.100006,354.100006,355700
2012-02-13,354.5,360.410004,354.100006,358.459991,358.459991,425200
2012-02-14,356.220001,360.109985,356.220001,360.109985,360.109985,225100
2012-02-15,361.399994,361.399994,355.019989,356.119995,356.119995,244600
2012-02-16,357.01001,359.119995,353.799988,357.959991,357.959991,451600
2012-02-17,359.890015,361.980011,356.529999,360.209991,360.209991,242500
2012-02-21,360.200012,361.320007,358.230011,359.660004,359.660004,266700
2012-02-22,359.98999,360.399994,358.339996,358.950012,358.950012,126900
2012-02-23,359.230011,360.390015,358.0,358.5,358.5,219800
2012-02-24,360.0,360.0,358.799988,359.799988,359.799988,326600
2012-02-27,360.5,367.589996,359.799988,366.089996,366.089996,557700
2012-02-28,374.519989,377.779999,371.279999,376.410004,376.410004,931800
2012-02-29,374.970001,375.579987,372.220001,374.480011,374.480011,363400
2012-03-01,375.119995,378.959991,373.75,378.440002,378.440002,485600
2012-03-02,378.0,379.480011,377.420013,378.450012,378.450012,232500
2012-03-05,379.100006,385.609985,377.01001,385.220001,385.220001,531400
2012-03-06,384.23999,385.230011,380.299988,385.230011,385.230011,405400
2012-03-07,385.829987,385.98999,380.459991,383.73999,383.73999,357600
2012-03-08,384.880005,386.0,380.410004,380.5,380.5,426700
2012-03-09,381.829987,383.890015,381.269989,382.230011,382.230011,416500
2012-03-12,382.0,382.059998,380.299988,380.829987,380.829987,312600
2012-03-13,381.720001,382.079987,377.619995,379.630005,379.630005,542000
2012-03-14,380.230011,382.170013,379.600006,379.920013,379.920013,386700
2012-03-15,378.940002,380.519989,377.160004,379.0,379.0,279300
2012-03-16,376.290009,379.670013,376.290009,378.869995,378.869995,512900
2012-03-19,378.839996,380.51001,376.0,377.359985,377.359985,300200
2012-03-20,376.549988,378.660004,376.109985,377.799988,377.799988,254800
2012-03-21,377.820007,378.940002,375.420013,375.420013,375.420013,327700
2012-03-22,375.48999,379.399994,375.019989,378.130005,378.130005,273700
2012-03-23,377.769989,379.320007,375.73999,378.660004,378.660004,191400
2012-03-26,377.640015,380.329987,376.73999,379.0,379.0,282800
2012-03-27,378.670013,381.179993,378.670013,379.579987,379.579987,428500
2012-03-28,379.410004,380.350006,375.470001,376.359985,376.359985,350900
2012-03-29,375.209991,376.839996,373.549988,374.339996,374.339996,239600
2012-03-30,376.100006,376.100006,371.799988,371.799988,371.799988,308400
2012-04-02,377.230011,379.170013,371.649994,378.720001,378.720001,506900
2012-04-03,384.420013,385.579987,381.799988,381.890015,381.890015,914600
2012-04-04,381.809998,384.679993,376.880005,382.399994,382.399994,419500
2012-04-05,384.75,385.089996,380.109985,383.799988,383.799988,715200
2012-04-09,379.5,384.299988,378.660004,383.5,383.5,515400
2012-04-10,382.950012,383.420013,375.609985,375.869995,375.869995,585300
2012-04-11,379.75,380.350006,376.480011,377.049988,377.049988,440000
2012-04-12,375.910004,379.339996,373.839996,378.730011,378.730011,273600
2012-04-13,378.73999,382.959991,375.01001,380.970001,380.970001,382100
2012-04-16,380.160004,383.609985,378.420013,380.799988,380.799988,298100
2012-04-17,382.529999,383.23999,378.01001,379.170013,379.170013,342300
2012-04-18,379.209991,381.600006,377.589996,379.5,379.5,312300
2012-04-19,379.420013,382.410004,378.670013,380.0,380.0,535500
2012-04-20,382.640015,382.660004,380.089996,381.730011,381.730011,481400
2012-04-23,379.950012,382.640015,378.0,382.0,382.0,322600
2012-04-24,386.230011,386.25,376.720001,379.359985,379.359985,508000
2012-04-25,380.119995,384.390015,380.019989,382.829987,382.829987,287800
2012-04-26,380.950012,395.119995,380.950012,393.720001,393.720001,833500
2012-04-27,395.200012,399.100006,394.470001,397.130005,397.130005,455400
2012-04-30,398.850006,399.100006,393.730011,396.160004,396.160004,258000
2012-05-01,393.369995,399.029999,392.209991,395.410004,395.410004,232800
2012-05-02,396.559998,397.679993,393.820007,396.440002,396.440002,151000
2012-05-03,397.720001,398.200012,392.709991,393.700012,393.700012,179400
2012-05-04,391.059998,394.279999,386.350006,389.429993,389.429993,420100
2012-05-07,388.079987,391.459991,385.600006,386.910004,386.910004,294000
2012-05-08,385.890015,387.529999,380.190002,383.799988,383.799988,335300
2012-05-09,383.380005,387.089996,380.299988,382.880005,382.880005,256000
2012-05-10,383.899994,388.220001,382.100006,385.730011,385.730011,327200
2012-05-11,383.350006,389.640015,383.350006,387.5,387.5,285000
2012-05-14,385.5,386.519989,377.429993,377.619995,377.619995,366800
2012-05-15,377.299988,383.850006,376.380005,382.480011,382.480011,255000
2012-05-16,381.76001,389.890015,381.76001,388.869995,388.869995,412200
2012-05-17,375.970001,377.970001,362.660004,365.579987,365.579987,1870500
2012-05-18,369.910004,377.690002,366.660004,372.450012,372.450012,998200
2012-05-21,370.0,375.709991,367.01001,368.549988,368.549988,625500
2012-05-22,357.0,374.829987,356.540009,361.140015,361.140015,1354900
2012-05-23,357.600006,374.25,355.059998,372.839996,372.839996,906000
2012-05-24,370.01001,373.890015,369.0,369.399994,369.399994,631900
2012-05-25,372.890015,375.579987,368.559998,374.369995,374.369995,789500
2012-05-29,381.480011,381.720001,373.230011,381.720001,381.720001,479700
2012-05-30,381.850006,381.850006,374.779999,379.25,379.25,544500
2012-05-31,377.98999,382.679993,373.5,380.26001,380.26001,1006500
2012-06-01,380.649994,380.649994,373.519989,373.679993,373.679993,571700
2012-06-04,372.829987,377.559998,369.559998,377.0,377.0,394700
2012-06-05,375.579987,380.480011,373.929993,379.179993,379.179993,259400
2012-06-06,381.429993,388.459991,380.01001,387.959991,387.959991,416000
2012-06-07,388.059998,391.899994,383.880005,383.880005,383.880005,429800
2012-06-08,385.529999,386.640015,381.630005,385.76001,385.76001,283200
2012-06-11,389.589996,389.589996,382.220001,382.309998,382.309998,386400
2012-06-12,382.309998,386.859985,382.309998,386.649994,386.649994,266400
2012-06-13,385.440002,389.609985,382.190002,382.910004,382.910004,323300
2012-06-14,384.869995,387.589996,383.160004,385.75,385.75,389400
2012-06-15,386.899994,387.01001,381.299988,385.299988,385.299988,427800
2012-06-18,384.859985,388.269989,383.269989,386.730011,386.730011,350500
2012-06-19,385.48999,388.859985,385.350006,387.910004,387.910004,478500
2012-06-20,388.109985,388.109985,382.75,387.649994,387.649994,420300
2012-06-21,387.579987,388.0,378.269989,381.640015,381.640015,399900
2012-06-22,380.579987,383.790009,380.119995,382.76001,382.76001,992800
2012-06-25,381.209991,382.0,374.980011,375.029999,375.029999,291700
2012-06-26,375.0,378.609985,368.839996,376.48999,376.48999,428900
2012-06-27,354.98999,365.98999,353.380005,359.0,359.0,2152700
2012-06-28,356.670013,359.570007,353.880005,358.429993,358.429993,646800
2012-06-29,363.970001,367.170013,357.570007,367.170013,367.170013,674700
2012-07-02,366.220001,366.649994,362.809998,364.220001,364.220001,384000
2012-07-03,364.769989,365.690002,360.100006,362.48999,362.48999,262600
2012-07-05,357.549988,368.869995,357.549988,366.549988,366.549988,329500
2012-07-06,363.290009,366.089996,361.600006,364.519989,364.519989,340600
2012-07-09,357.279999,368.029999,357.279999,367.230011,367.230011,457500
2012-07-10,367.059998,368.929993,364.429993,366.470001,366.470001,363100
2012-07-11,365.049988,370.339996,362.869995,368.929993,368.929993,546700
2012-07-12,368.609985,386.130005,368.609985,382.450012,382.450012,1088800
2012-07-13,381.109985,385.130005,380.390015,380.940002,380.940002,295100
2012-07-16,378.859985,387.820007,378.859985,380.269989,380.269989,319900
2012-07-17,383.48999,386.130005,379.790009,380.890015,380.890015,228800
2012-07-18,380.01001,385.720001,380.01001,384.23999,384.23999,190800
2012-07-19,385.019989,385.019989,378.130005,382.899994,382.899994,339200
2012-07-20,381.609985,381.850006,377.859985,377.980011,377.980011,249600
2012-07-23,374.320007,379.179993,373.049988,377.630005,377.630005,229300
2012-07-24,377.320007,379.890015,374.149994,376.339996,376.339996,183600
2012-07-25,376.339996,379.679993,374.970001,378.390015,378.390015,218000
2012-07-26,380.0,380.0,367.140015,373.380005,373.380005,507600
2012-07-27,381.910004,381.910004,372.100006,374.790009,374.790009,317000
2012-07-30,374.529999,378.070007,374.160004,375.790009,375.790009,263900
2012-07-31,374.170013,379.480011,372.609985,375.230011,375.230011,336600
2012-08-01,377.559998,379.429993,362.670013,362.769989,362.769989,369200
2012-08-02,362.190002,364.679993,357.51001,362.339996,362.339996,569200
2012-08-03,366.26001,374.890015,365.0,366.299988,366.299988,625400
2012-08-06,366.709991,372.420013,362.049988,363.25,363.25,566300
2012-08-07,364.940002,369.279999,360.320007,367.470001,367.470001,619300
2012-08-08,365.070007,368.519989,362.25,363.820007,363.820007,475000
2012-08-09,357.290009,365.149994,356.98999,363.119995,363.119995,554300
2012-08-10,363.369995,364.140015,354.73999,359.290009,359.290009,522700
2012-08-13,358.619995,359.779999,353.48999,355.309998,355.309998,495500
2012-08-14,356.589996,359.649994,353.839996,357.0,357.0,380300
2012-08-15,358.0,361.070007,355.75,357.859985,357.859985,425600
2012-08-16,356.470001,359.140015,355.75,358.549988,358.549988,349300
2012-08-17,357.75,364.809998,357.75,363.649994,363.649994,418000
2012-08-20,361.869995,365.640015,361.869995,364.559998,364.559998,481100
2012-08-21,366.76001,367.950012,363.660004,364.179993,364.179993,301000
2012-08-22,364.179993,366.350006,362.5,365.5,365.5,204600
2012-08-23,364.450012,365.920013,361.679993,363.26001,363.26001,195400
2012-08-24,362.649994,365.799988,362.149994,365.079987,365.079987,170800
2012-08-27,366.160004,370.200012,363.299988,366.450012,366.450012,236800
2012-08-28,365.429993,368.470001,363.670013,364.720001,364.720001,216200
2012-08-29,365.130005,366.179993,361.549988,363.0,363.0,424600
2012-08-30,362.25,364.209991,358.149994,359.869995,359.869995,347600
2012-08-31,363.029999,363.529999,359.369995,361.640015,361.640015,447800
2012-09-04,357.730011,362.079987,356.220001,358.279999,358.279999,333700
2012-09-05,359.130005,363.450012,358.679993,363.070007,363.070007,419500
2012-09-06,364.959991,370.410004,363.320007,368.720001,368.720001,412200
2012-09-07,367.839996,369.769989,365.890015,369.720001,369.720001,254400
2012-09-10,368.140015,371.0,362.950012,366.279999,366.279999,484000
2012-09-11,364.0,371.410004,364.0,369.899994,369.899994,432100
2012-09-12,370.98999,373.709991,367.940002,373.160004,373.160004,360300
2012-09-13,371.769989,373.670013,367.5,369.959991,369.959991,500800
2012-09-14,369.850006,370.0,351.269989,351.98999,351.98999,1413000
2012-09-17,352.25,359.540009,351.570007,357.380005,357.380005,724400
2012-09-18,355.609985,358.75,353.380005,357.839996,357.839996,709800
2012-09-19,355.0,375.429993,353.0,369.839996,369.839996,2193700
2012-09-20,376.670013,376.670013,364.670013,371.630005,371.630005,1391500
2012-09-21,370.850006,374.98999,370.850006,371.799988,371.799988,2279500
2012-09-24,369.380005,371.779999,368.0,369.299988,369.299988,833000
2012-09-25,369.309998,371.910004,367.329987,368.540009,368.540009,626500
2012-09-26,367.540009,375.869995,366.799988,372.890015,372.890015,883200
2012-09-27,374.899994,378.519989,370.079987,371.470001,371.470001,610200
2012-09-28,370.279999,371.390015,368.549988,369.670013,369.670013,458500
2012-10-01,362.339996,372.980011,362.339996,369.070007,369.070007,427600
2012-10-02,371.399994,371.399994,368.730011,369.910004,369.910004,465500
2012-10-03,371.269989,373.200012,370.230011,372.140015,372.140015,544900
2012-10-04,369.5,377.890015,369.5,376.790009,376.790009,564100
2012-10-05,378.75,382.100006,377.160004,381.290009,381.290009,604800
2012-10-08,380.820007,382.51001,379.880005,381.420013,381.420013,264400
2012-10-09,381.170013,381.790009,379.700012,379.890015,379.890015,468700
2012-10-10,378.600006,380.0,376.190002,377.350006,377.350006,438200
2012-10-11,380.459991,380.459991,374.350006,374.350006,374.350006,427000
2012-10-12,376.019989,378.339996,371.549988,373.049988,373.049988,393200
2012-10-15,375.019989,375.470001,371.690002,374.720001,374.720001,480900
2012-10-16,369.309998,373.980011,368.130005,370.690002,370.690002,495600
2012-10-17,372.100006,372.420013,369.339996,369.470001,369.470001,463200
2012-10-18,366.350006,373.329987,365.26001,370.390015,370.390015,721500
2012-10-19,367.26001,372.100006,367.200012,369.0,369.0,403100
2012-10-22,360.920013,366.609985,360.0,365.799988,365.799988,808700
2012-10-23,358.309998,366.959991,358.309998,366.73999,366.73999,620700
2012-10-24,371.950012,371.950012,363.019989,364.359985,364.359985,438400
2012-10-25,367.429993,370.049988,363.730011,367.779999,367.779999,387400
2012-10-26,367.630005,371.339996,365.940002,370.75,370.75,259700
2012-10-31,371.75,379.329987,366.529999,375.0,375.0,370200
2012-11-01,376.0,386.799988,372.26001,380.339996,380.339996,673100
2012-11-02,382.410004,386.170013,380.25,382.910004,382.910004,621000
2012-11-05,383.329987,384.869995,381.269989,383.230011,383.230011,204700
2012-11-06,384.149994,385.730011,381.359985,385.26001,385.26001,356700
2012-11-07,380.480011,386.25,380.480011,384.369995,384.369995,403400
2012-11-08,383.75,385.440002,378.450012,378.970001,378.970001,338100
2012-11-09,378.390015,380.950012,374.890015,376.890015,376.890015,314700
2012-11-12,376.589996,380.079987,374.140015,374.380005,374.380005,254200
2012-11-13,373.01001,377.910004,373.01001,373.549988,373.549988,249800
2012-11-14,375.070007,376.660004,368.679993,369.75,369.75,282400
2012-11-15,369.869995,373.820007,367.880005,372.779999,372.779999,290600
2012-11-16,372.75,381.01001,370.529999,380.5,380.5,725900
2012-11-19,381.570007,385.01001,380.519989,382.299988,382.299988,213900
2012-11-20,382.200012,383.5,377.970001,381.130005,381.130005,330800
2012-11-21,381.570007,383.75,379.899994,381.869995,381.869995,297800
2012-11-23,383.380005,383.98999,381.0,383.119995,383.119995,104200
2012-11-26,383.619995,383.98999,380.119995,382.929993,382.929993,323500
2012-11-27,390.109985,390.109985,378.440002,382.380005,382.380005,336500
2012-11-28,381.799988,383.859985,379.950012,383.859985,383.859985,486000
2012-11-29,381.839996,382.700012,377.73999,379.779999,379.779999,485900
2012-11-30,379.700012,384.019989,377.790009,383.769989,383.769989,428600
2012-12-03,384.0,384.100006,377.130005,378.01001,378.01001,491200
2012-12-04,373.01001,384.25,361.75,366.799988,366.799988,1007700
2012-12-05,366.089996,368.98999,356.029999,360.269989,360.269989,979600
2012-12-06,355.920013,367.170013,355.380005,364.070007,364.070007,668400
2012-12-07,367.01001,367.01001,357.709991,359.160004,359.160004,575000
2012-12-10,359.149994,359.149994,354.450012,355.149994,355.149994,456800
2012-12-11,356.559998,362.220001,354.76001,355.5,355.5,790600
2012-12-12,357.429993,359.070007,355.0,357.559998,357.559998,931000
2012-12-13,358.269989,363.170013,357.600006,359.320007,359.320007,547400
2012-12-14,358.140015,361.549988,355.01001,357.679993,357.679993,491400
2012-12-17,358.390015,363.399994,357.380005,363.399994,363.399994,615600
2012-12-18,363.200012,364.450012,359.160004,360.070007,360.070007,546900
2012-12-19,360.0,362.25,358.130005,359.480011,359.480011,418300
2012-12-20,359.429993,360.73999,355.230011,356.019989,356.019989,552800
2012-12-21,353.0,359.570007,351.480011,358.279999,358.279999,694900
2012-12-24,363.440002,363.440002,354.410004,355.200012,355.200012,182600
2012-12-26,355.23999,355.279999,346.929993,351.089996,351.089996,447900
2012-12-27,351.25,354.089996,345.299988,353.100006,353.100006,437900
2012-12-28,352.019989,352.609985,345.880005,348.570007,348.570007,446800
2012-12-31,347.790009,354.76001,346.980011,354.429993,354.429993,265300
2013-01-02,357.0,358.130005,354.959991,356.880005,356.880005,440800
2013-01-03,355.429993,357.910004,353.75,356.140015,356.140015,299300
2013-01-04,357.279999,361.100006,357.119995,360.850006,360.850006,351500
2013-01-07,360.970001,360.970001,354.679993,356.170013,356.170013,345300
2013-01-08,345.470001,350.880005,342.839996,348.25,348.25,877500
2013-01-09,348.609985,352.51001,347.059998,349.600006,349.600006,452300
2013-01-10,349.850006,352.160004,344.329987,346.5,346.5,729300
2013-01-11,346.940002,347.839996,341.980011,346.230011,346.230011,470600
2013-01-14,346.709991,347.779999,343.269989,344.98999,344.98999,278300
2013-01-15,343.980011,352.790009,342.269989,350.899994,350.899994,567100
2013-01-16,350.640015,350.98999,346.369995,349.329987,349.329987,261500
2013-01-17,350.0,351.179993,347.279999,348.630005,348.630005,206600
2013-01-18,347.809998,350.48999,345.040009,349.600006,349.600006,317500
2013-01-22,347.200012,354.700012,347.200012,353.369995,353.369995,402600
2013-01-23,352.839996,357.179993,351.029999,356.529999,356.529999,425100
2013-01-24,357.410004,359.980011,355.0,357.570007,357.570007,563100
2013-01-25,357.890015,367.100006,357.160004,365.359985,365.359985,566400
2013-01-28,366.190002,373.450012,363.339996,369.519989,369.519989,634900
2013-01-29,367.0,368.829987,361.950012,361.950012,361.950012,502200
2013-01-30,361.980011,364.859985,361.23999,364.850006,364.850006,295700
2013-01-31,364.670013,369.700012,363.200012,369.700012,369.700012,465900
2013-02-01,370.570007,376.160004,368.73999,374.880005,374.880005,667100
2013-02-04,373.48999,373.98999,365.51001,367.049988,367.049988,401700
2013-02-05,369.920013,371.029999,367.380005,368.769989,368.769989,266300
2013-02-06,367.470001,370.160004,366.220001,369.0,369.0,303600
2013-02-07,377.5,383.100006,374.459991,379.850006,379.850006,1112100
2013-02-08,380.320007,386.399994,379.579987,385.890015,385.890015,790900
2013-02-11,384.630005,387.380005,384.230011,385.230011,385.230011,523500
2013-02-12,385.350006,386.940002,380.790009,382.089996,382.089996,550300
2013-02-13,382.140015,384.01001,377.880005,379.730011,379.730011,538000
2013-02-14,378.5,380.5,372.940002,373.609985,373.609985,742400
2013-02-15,375.0,375.559998,369.470001,373.700012,373.700012,646500
2013-02-19,374.450012,375.390015,370.640015,375.209991,375.209991,608400
2013-02-20,375.579987,380.570007,374.200012,379.959991,379.959991,577400
2013-02-21,378.589996,383.640015,376.420013,377.559998,377.559998,432800
2013-02-22,377.829987,385.980011,377.829987,385.200012,385.200012,512000
2013-02-25,384.630005,386.640015,378.540009,378.540009,378.540009,629500
2013-02-26,377.26001,381.619995,369.790009,376.149994,376.149994,986300
2013-02-27,378.079987,379.880005,374.329987,376.790009,376.790009,352200
2013-02-28,376.01001,380.160004,375.109985,380.149994,380.149994,459600
2013-03-01,379.130005,379.5,376.700012,378.140015,378.140015,228700
2013-03-04,378.019989,381.48999,377.470001,380.660004,380.660004,316800
2013-03-05,382.0,382.98999,380.820007,382.320007,382.320007,215000
2013-03-06,382.309998,383.0,375.420013,376.549988,376.549988,428500
2013-03-07,377.480011,381.600006,375.290009,381.519989,381.519989,397900
2013-03-08,381.899994,385.600006,379.320007,385.25,385.25,350500
2013-03-11,385.279999,388.470001,383.73999,388.329987,388.329987,375000
2013-03-12,388.75,390.48999,386.970001,388.869995,388.869995,392000
2013-03-13,388.25,392.589996,387.600006,392.040009,392.040009,383300
2013-03-14,391.690002,392.600006,389.190002,389.649994,389.649994,318100
2013-03-15,388.329987,392.75,386.559998,391.890015,391.890015,404600
2013-03-18,390.019989,392.290009,388.910004,391.470001,391.470001,175600
2013-03-19,392.390015,392.660004,387.779999,390.410004,390.410004,219500
2013-03-20,392.079987,397.100006,390.790009,396.0,396.0,294100
2013-03-21,394.380005,395.649994,391.350006,393.26001,393.26001,173200
2013-03-22,394.179993,396.109985,392.26001,395.720001,395.720001,175800
2013-03-25,396.190002,396.190002,391.459991,393.329987,393.329987,263900
2013-03-26,394.480011,394.480011,388.630005,394.040009,394.040009,345000
2013-03-27,392.579987,394.640015,389.589996,393.940002,393.940002,189200
2013-03-28,393.23999,396.790009,391.049988,396.769989,396.769989,537600
2013-04-01,396.01001,397.799988,392.76001,393.190002,393.190002,157700
2013-04-02,394.26001,402.079987,394.26001,400.98999,400.98999,368200
2013-04-03,401.299988,401.299988,393.609985,393.980011,393.980011,513700
2013-04-04,395.109985,402.089996,394.0,401.829987,401.829987,211800
2013-04-05,397.820007,399.450012,394.589996,397.200012,397.200012,246700
2013-04-08,397.0,399.529999,392.73999,395.359985,395.359985,220100
2013-04-09,392.0,392.98999,382.980011,384.029999,384.029999,577800
2013-04-10,385.299988,394.089996,385.299988,389.980011,389.980011,356700
2013-04-11,390.450012,396.890015,388.049988,392.829987,392.829987,182700
2013-04-12,390.23999,395.130005,390.23999,393.570007,393.570007,173300
2013-04-15,391.73999,393.73999,384.640015,384.869995,384.869995,328700
2013-04-16,386.0,387.480011,379.790009,384.589996,384.589996,387100
2013-04-17,382.290009,384.079987,378.649994,381.929993,381.929993,322800
2013-04-18,383.100006,383.649994,375.940002,379.01001,379.01001,438800
2013-04-19,379.48999,382.049988,375.119995,378.429993,378.429993,325100
2013-04-22,379.850006,380.679993,375.570007,378.76001,378.76001,326900
2013-04-23,379.820007,384.570007,378.850006,383.619995,383.619995,300100
2013-04-24,384.649994,386.0,381.839996,383.950012,383.950012,211300
2013-04-25,393.0,402.100006,390.0,398.26001,398.26001,422000
2013-04-26,398.809998,408.5,398.140015,406.730011,406.730011,363000
2013-04-29,406.559998,408.5,402.299988,403.869995,403.869995,183200
2013-04-30,404.049988,409.25,400.73999,409.089996,409.089996,289900
2013-05-01,409.190002,413.279999,408.269989,410.279999,410.279999,199400
2013-05-02,409.290009,410.859985,405.26001,407.579987,407.579987,210600
2013-05-03,409.549988,413.0,407.290009,411.109985,411.109985,167000
2013-05-06,410.929993,413.5,410.029999,413.48999,413.48999,189500
2013-05-07,413.440002,419.01001,411.5,418.950012,418.950012,170900
2013-05-08,418.01001,419.820007,416.600006,419.269989,419.269989,189300
2013-05-09,418.98999,419.799988,414.290009,415.329987,415.329987,121300
2013-05-10,416.619995,423.459991,416.589996,420.950012,420.950012,313800
2013-05-13,408.209991,416.390015,408.0,415.76001,415.76001,335700
2013-05-14,418.070007,419.640015,416.130005,417.559998,417.559998,235300
2013-05-15,417.809998,419.570007,416.700012,418.279999,418.279999,191300
2013-05-16,416.970001,418.230011,412.720001,413.5,413.5,184100
2013-05-17,413.940002,415.589996,410.140015,411.290009,411.290009,247000
2013-05-20,410.369995,414.0,401.929993,409.049988,409.049988,327200
2013-05-21,413.160004,435.359985,413.160004,427.839996,427.839996,740600
2013-05-22,426.76001,426.76001,416.720001,417.720001,417.720001,339300
2013-05-23,417.079987,420.359985,415.01001,418.899994,418.899994,330200
2013-05-24,416.0,418.660004,413.470001,415.809998,415.809998,135000
2013-05-28,418.73999,420.549988,415.399994,418.950012,418.950012,137900
2013-05-29,416.109985,418.299988,412.170013,416.75,416.75,130900
2013-05-30,416.950012,421.790009,416.950012,417.940002,417.940002,177700
2013-05-31,417.01001,419.230011,408.649994,408.829987,408.829987,388500
2013-06-03,408.350006,412.119995,407.200012,411.209991,411.209991,220200
2013-06-04,411.019989,414.579987,406.109985,407.799988,407.799988,198400
2013-06-05,408.309998,410.660004,404.869995,405.309998,405.309998,178600
2013-06-06,406.109985,415.559998,406.109985,415.390015,415.390015,193500
2013-06-07,417.769989,419.329987,413.420013,416.679993,416.679993,171800
2013-06-10,417.820007,418.790009,414.040009,418.75,418.75,170300
2013-06-11,417.5,417.75,414.190002,415.0,415.0,232700
2013-06-12,416.609985,417.200012,415.200012,416.0,416.0,256000
2013-06-13,416.869995,419.910004,415.070007,419.5,419.5,238200
2013-06-14,419.459991,424.98999,418.720001,423.339996,423.339996,210700
2013-06-17,429.809998,429.809998,420.480011,424.829987,424.829987,350400
2013-06-18,424.929993,425.329987,420.779999,425.329987,425.329987,144900
2013-06-19,424.880005,426.640015,420.339996,420.75,420.75,137900
2013-06-20,417.630005,421.160004,412.290009,412.649994,412.649994,304100
2013-06-21,415.279999,415.279999,408.600006,411.980011,411.980011,365500
2013-06-24,408.179993,419.279999,405.709991,414.98999,414.98999,243800
2013-06-25,417.559998,422.929993,417.170013,421.480011,421.480011,234300
2013-06-26,420.75,421.290009,412.839996,413.98999,413.98999,481500
2013-06-27,415.649994,424.410004,415.649994,422.869995,422.869995,221500
2013-06-28,423.540009,427.670013,418.369995,423.690002,423.690002,365400
2013-07-01,424.440002,428.839996,423.320007,425.269989,425.269989,125100
2013-07-02,424.450012,427.589996,422.079987,424.200012,424.200012,211100
2013-07-03,421.75,426.959991,421.480011,423.880005,423.880005,103000
2013-07-05,427.149994,430.149994,422.709991,428.519989,428.519989,123400
2013-07-08,429.089996,437.230011,429.089996,434.910004,434.910004,283400
2013-07-09,436.519989,437.209991,431.429993,434.559998,434.559998,217000
2013-07-10,433.829987,433.980011,428.880005,433.480011,433.480011,128700
2013-07-11,436.839996,441.179993,435.950012,441.0,441.0,294500
2013-07-12,441.5,441.5,436.420013,439.299988,439.299988,101700
2013-07-15,438.679993,439.920013,434.399994,438.0,438.0,138800
2013-07-16,437.529999,440.019989,430.910004,433.709991,433.709991,187800
2013-07-17,435.48999,437.559998,429.26001,430.0,430.0,220000
2013-07-18,431.609985,436.690002,429.579987,435.320007,435.320007,260200
2013-07-19,436.829987,441.200012,434.109985,435.970001,435.970001,160000
2013-07-22,435.600006,439.540009,432.01001,437.720001,437.720001,111700
2013-07-23,438.269989,439.98999,435.709991,438.450012,438.450012,131900
2013-07-24,438.420013,440.0,434.290009,436.350006,436.350006,170100
2013-07-25,439.100006,440.5,434.269989,438.019989,438.019989,318000
2013-07-26,437.109985,440.75,435.049988,439.660004,439.660004,193000
2013-07-29,437.589996,441.480011,435.279999,440.730011,440.730011,126000
2013-07-30,441.5,446.429993,438.880005,444.690002,444.690002,196200
2013-07-31,444.040009,452.190002,443.25,448.579987,448.579987,364200
2013-08-01,447.579987,452.149994,445.950012,447.98999,447.98999,289100
2013-08-02,447.799988,450.029999,446.01001,448.040009,448.040009,292600
2013-08-05,446.98999,449.290009,446.01001,448.25,448.25,178900
2013-08-06,447.149994,449.220001,439.339996,445.01001,445.01001,265700
2013-08-07,435.179993,437.829987,432.079987,435.040009,435.040009,329000
2013-08-08,436.230011,437.109985,424.429993,429.019989,429.019989,407600
2013-08-09,428.940002,432.040009,424.769989,429.589996,429.589996,229600
2013-08-12,428.220001,429.869995,424.450012,425.600006,425.600006,306300
2013-08-13,426.410004,436.0,425.399994,433.799988,433.799988,295200
2013-08-14,432.230011,436.309998,428.049988,428.549988,428.549988,252500
2013-08-15,427.01001,427.98999,419.299988,420.059998,420.059998,207300
2013-08-16,420.0,421.820007,416.269989,416.519989,416.519989,304400
2013-08-19,417.220001,424.75,415.529999,420.399994,420.399994,240500
2013-08-20,420.76001,426.880005,419.589996,424.829987,424.829987,229700
2013-08-21,422.829987,423.75,419.410004,419.959991,419.959991,181300
2013-08-22,420.470001,423.940002,419.179993,421.109985,421.109985,111700
2013-08-23,423.339996,423.5,418.799988,422.350006,422.350006,131300
2013-08-26,422.769989,424.209991,417.019989,421.420013,421.420013,200600
2013-08-27,418.790009,420.440002,418.040009,419.119995,419.119995,231700
2013-08-28,418.190002,421.850006,416.049988,420.019989,420.019989,148700
2013-08-29,418.01001,422.929993,417.839996,421.519989,421.519989,106400
2013-08-30,419.450012,420.820007,416.049988,419.940002,419.940002,223600
2013-09-03,421.450012,423.890015,419.0,419.76001,419.76001,161400
2013-09-04,419.970001,424.160004,419.01001,422.809998,422.809998,138700
2013-09-05,423.380005,423.420013,418.0,420.100006,420.100006,182100
2013-09-06,420.359985,424.269989,416.0,417.529999,417.529999,111300
2013-09-09,417.98999,421.899994,416.440002,416.5,416.5,157800
2013-09-10,417.540009,423.359985,415.179993,419.920013,419.920013,186100
2013-09-11,421.209991,425.179993,419.220001,420.829987,420.829987,212400
2013-09-12,420.600006,422.209991,415.600006,417.059998,417.059998,155500
2013-09-13,417.98999,418.079987,413.579987,415.700012,415.700012,273100
2013-09-16,418.119995,420.970001,411.269989,411.890015,411.890015,483400
2013-09-17,411.290009,418.51001,409.359985,418.51001,418.51001,408300
2013-09-18,419.660004,423.5,416.790009,420.619995,420.619995,370500
2013-09-19,421.98999,423.420013,417.899994,422.790009,422.790009,250400
2013-09-20,422.980011,423.5,412.0,420.0,420.0,750900
2013-09-23,418.920013,421.700012,415.890015,417.809998,417.809998,207100
2013-09-24,416.640015,418.640015,408.899994,414.309998,414.309998,530000
2013-09-25,416.559998,428.049988,410.0,425.070007,425.070007,825100
2013-09-26,424.880005,425.98999,420.100006,421.679993,421.679993,399100
2013-09-27,419.899994,423.339996,417.910004,422.570007,422.570007,325500
2013-09-30,418.890015,424.410004,417.420013,422.730011,422.730011,306600
2013-10-01,421.859985,426.070007,421.769989,425.109985,425.109985,251900
2013-10-02,423.0,425.630005,419.76001,423.0,423.0,193500
2013-10-03,422.380005,426.309998,417.959991,418.26001,418.26001,333700
2013-10-04,419.279999,423.859985,417.01001,421.890015,421.890015,226800
2013-10-07,419.140015,423.390015,417.899994,419.829987,419.829987,181500
2013-10-08,420.769989,421.559998,414.019989,415.709991,415.709991,304700
2013-10-09,415.75,417.619995,413.320007,415.269989,415.269989,267800
2013-10-10,419.299988,421.190002,417.420013,420.769989,420.769989,233200
2013-10-11,420.450012,425.459991,418.959991,424.609985,424.609985,174400
2013-10-14,422.320007,427.420013,421.779999,426.040009,426.040009,149900
2013-10-15,425.0,427.390015,419.399994,420.230011,420.230011,308000
2013-10-16,426.230011,432.0,422.51001,424.630005,424.630005,394300
2013-10-17,422.570007,429.720001,421.619995,429.130005,429.130005,238600
2013-10-18,431.070007,433.420013,427.0,432.109985,432.109985,308600
2013-10-21,431.019989,435.200012,430.209991,434.730011,434.730011,250100
2013-10-22,436.01001,437.450012,434.200012,435.600006,435.600006,188000
2013-10-23,437.48999,437.5,430.470001,432.589996,432.589996,190400
2013-10-24,424.450012,432.279999,422.119995,427.179993,427.179993,354700
2013-10-25,427.640015,429.470001,424.980011,429.470001,429.470001,298600
2013-10-28,430.679993,432.73999,428.48999,429.839996,429.839996,209100
2013-10-29,431.059998,432.799988,428.130005,429.829987,429.829987,226000
2013-10-30,431.299988,434.23999,428.920013,429.940002,429.940002,214600
2013-10-31,430.859985,435.049988,428.630005,434.690002,434.690002,238900
2013-11-01,436.01001,437.940002,430.0,434.829987,434.829987,156000
2013-11-04,434.959991,439.640015,433.570007,436.51001,436.51001,180900
2013-11-05,438.190002,442.980011,432.549988,442.059998,442.059998,245500
2013-11-06,444.309998,447.799988,441.109985,447.420013,447.420013,234600
2013-11-07,447.0,448.299988,443.230011,443.48999,443.48999,253200
2013-11-08,443.579987,449.119995,440.23999,448.549988,448.549988,243700
2013-11-11,443.609985,449.799988,440.5,447.790009,447.790009,169100
2013-11-12,448.130005,451.549988,444.869995,451.549988,451.549988,275200
2013-11-13,450.570007,456.940002,450.570007,456.880005,456.880005,172700
2013-11-14,457.5,458.959991,455.950012,458.339996,458.339996,167600
2013-11-15,455.929993,465.700012,455.929993,464.079987,464.079987,201800
2013-11-18,465.0,465.140015,458.459991,459.559998,459.559998,200900
2013-11-19,458.549988,465.5,457.429993,463.839996,463.839996,191100
2013-11-20,464.559998,467.869995,459.950012,461.299988,461.299988,110300
2013-11-21,463.709991,469.609985,460.709991,469.339996,469.339996,139900
2013-11-22,467.450012,469.420013,466.420013,467.690002,467.690002,197600
2013-11-25,466.769989,470.470001,465.01001,465.700012,465.700012,146600
2013-11-26,461.200012,463.359985,457.0,457.279999,457.279999,378500
2013-11-27,458.859985,462.329987,456.880005,458.799988,458.799988,256100
2013-11-29,459.109985,463.709991,458.279999,461.600006,461.600006,163300
2013-12-02,460.519989,463.529999,459.0,459.619995,459.619995,172800
2013-12-03,457.609985,461.640015,455.410004,460.51001,460.51001,197100
2013-12-04,460.209991,462.799988,454.880005,456.019989,456.019989,232900
2013-12-05,459.98999,463.190002,457.359985,460.0,460.0,226200
2013-12-06,462.630005,464.100006,458.869995,459.600006,459.600006,228200
2013-12-09,456.880005,462.730011,456.029999,457.339996,457.339996,567100
2013-12-10,467.470001,484.160004,461.609985,471.859985,471.859985,965300
2013-12-11,470.859985,473.679993,466.23999,467.790009,467.790009,448100
2013-12-12,466.380005,469.410004,463.5,465.899994,465.899994,266200
2013-12-13,466.290009,470.769989,463.850006,465.179993,465.179993,217200
2013-12-16,466.269989,469.070007,463.700012,464.0,464.0,280500
2013-12-17,463.769989,467.339996,461.140015,461.76001,461.76001,274300
2013-12-18,464.75,471.200012,461.600006,470.559998,470.559998,319300
2013-12-19,471.23999,473.329987,467.399994,470.839996,470.839996,287300
2013-12-20,472.390015,473.929993,470.950012,473.190002,473.190002,446900
2013-12-23,465.339996,474.98999,465.339996,472.320007,472.320007,269000
2013-12-24,479.950012,479.950012,471.359985,475.570007,475.570007,86900
2013-12-26,479.950012,479.950012,474.459991,476.850006,476.850006,125000
2013-12-27,475.380005,479.0,474.079987,476.829987,476.829987,180600
2013-12-30,476.829987,479.660004,474.529999,479.329987,479.329987,195100
2013-12-31,483.73999,483.73999,475.820007,477.940002,477.940002,174800
2014-01-02,477.670013,479.700012,472.51001,474.109985,474.109985,151800
2014-01-03,474.279999,478.579987,472.779999,475.5,475.5,193500
2014-01-06,478.51001,483.299988,476.809998,478.769989,478.769989,357100
2014-01-07,479.220001,486.399994,478.519989,483.589996,483.589996,417300
2014-01-08,483.589996,489.070007,481.940002,489.070007,489.070007,312100
2014-01-09,489.26001,493.220001,486.869995,492.450012,492.450012,354300
2014-01-10,492.98999,493.109985,488.820007,490.0,490.0,393100
2014-01-13,490.190002,495.0,485.529999,486.380005,486.380005,419300
2014-01-14,498.23999,498.23999,487.299988,495.779999,495.779999,350800
2014-01-15,497.0,498.380005,492.299988,495.079987,495.079987,194000
2014-01-16,495.029999,497.25,491.049988,495.470001,495.470001,222300
2014-01-17,500.0,505.859985,496.470001,505.859985,505.859985,486800
2014-01-21,498.859985,507.720001,498.859985,502.23999,502.23999,390200
2014-01-22,503.0,506.100006,501.339996,503.380005,503.380005,392300
2014-01-23,503.26001,504.170013,497.440002,499.290009,499.290009,182400
2014-01-24,499.0,506.459991,498.200012,499.25,499.25,447000
2014-01-27,508.98999,508.98999,496.720001,503.600006,503.600006,521600
2014-01-28,503.799988,507.790009,499.450012,501.029999,501.029999,332000
2014-01-29,498.950012,501.420013,492.320007,492.940002,492.940002,307700
2014-01-30,492.859985,500.480011,492.859985,498.920013,498.920013,317100
2014-01-31,494.720001,497.890015,494.109985,495.059998,495.059998,347100
2014-02-03,496.940002,498.040009,481.73999,483.059998,483.059998,402000
2014-02-04,484.390015,488.070007,481.299988,486.190002,486.190002,376000
2014-02-05,482.019989,488.26001,481.529999,487.320007,487.320007,234500
2014-02-06,493.01001,518.809998,493.01001,517.159973,517.159973,606800
2014-02-07,517.409973,537.469971,517.169983,534.400024,534.400024,713600
2014-02-10,531.450012,534.609985,523.130005,526.429993,526.429993,548300
2014-02-11,530.5,539.200012,526.119995,536.119995,536.119995,303200
2014-02-12,561.619995,561.619995,536.330017,542.070007,542.070007,390800
2014-02-13,540.0,544.0,536.0,540.799988,540.799988,325600
2014-02-14,544.380005,544.380005,537.539978,539.080017,539.080017,342900
2014-02-18,540.880005,544.580017,538.549988,542.0,542.0,370000
2014-02-19,539.51001,543.830017,535.75,536.340027,536.340027,259600
2014-02-20,538.219971,539.5,535.159973,538.590027,538.590027,280700
2014-02-21,534.059998,540.75,533.419983,538.960022,538.960022,365400
2014-02-24,544.900024,544.900024,540.059998,542.210022,542.210022,220800
2014-02-25,549.849976,549.849976,538.159973,539.299988,539.299988,263500
2014-02-26,540.039978,545.429993,532.400024,535.039978,535.039978,409900
2014-02-27,534.780029,538.919983,531.070007,538.460022,538.460022,260100
2014-02-28,537.799988,541.73999,534.679993,538.440002,538.440002,350000
2014-03-03,536.539978,543.679993,536.0,541.22998,541.22998,383200
2014-03-04,546.969971,546.969971,525.01001,538.559998,538.559998,720400
2014-03-05,539.710022,546.77002,539.039978,543.840027,543.840027,606300
2014-03-06,545.0,546.030029,540.599976,541.5,541.5,390200
2014-03-07,544.599976,544.599976,538.849976,541.98999,541.98999,348600
2014-03-10,541.960022,544.130005,539.52002,541.630005,541.630005,233000
2014-03-11,540.640015,545.650024,538.419983,539.97998,539.97998,267400
2014-03-12,539.640015,541.390015,536.460022,540.909973,540.909973,210300
2014-03-13,543.190002,544.700012,528.380005,528.73999,528.73999,391600
2014-03-14,529.409973,535.630005,526.599976,533.25,533.25,319300
2014-03-17,536.859985,540.539978,534.799988,539.450012,539.450012,174900
2014-03-18,538.619995,541.890015,536.609985,538.349976,538.349976,210900
2014-03-19,537.059998,539.119995,529.659973,533.359985,533.359985,237200
2014-03-20,532.52002,534.75,528.0,533.0,533.0,234700
2014-03-21,540.0,540.98999,533.98999,536.859985,536.859985,256300
2014-03-24,536.580017,539.469971,527.51001,530.390015,530.390015,158800
2014-03-25,534.390015,537.0,527.01001,528.900024,528.900024,289800
2014-03-26,528.799988,530.929993,522.210022,522.75,522.75,213900
2014-03-27,522.309998,527.159973,519.599976,525.710022,525.710022,199500
2014-03-28,528.640015,529.690002,525.349976,527.440002,527.440002,296100
2014-03-31,528.429993,538.049988,524.51001,537.099976,537.099976,425000
2014-04-01,539.950012,541.0,534.909973,536.539978,536.539978,306500
2014-04-02,535.5,537.929993,533.099976,535.469971,535.469971,232700
2014-04-03,534.960022,538.690002,533.01001,535.609985,535.609985,182400
2014-04-04,535.0,536.380005,523.840027,526.119995,526.119995,283700
2014-04-07,523.309998,527.590027,517.059998,519.0,519.0,317500
2014-04-08,517.340027,525.52002,513.409973,525.47998,525.47998,310000
2014-04-09,528.960022,531.039978,522.619995,527.460022,527.460022,221900
2014-04-10,528.200012,528.940002,513.5,514.590027,514.590027,287500
2014-04-11,511.0,517.409973,510.25,511.279999,511.279999,352500
2014-04-14,513.440002,518.0,510.190002,515.280029,515.280029,299600
2014-04-15,516.340027,521.51001,510.329987,519.700012,519.700012,287600
2014-04-16,522.0,523.169983,517.799988,522.140015,522.140015,190100
2014-04-17,519.929993,523.640015,515.469971,516.159973,516.159973,205800
2014-04-21,514.690002,520.539978,514.01001,519.400024,519.400024,132100
2014-04-22,521.280029,523.570007,518.109985,521.549988,521.549988,249300
2014-04-23,522.809998,527.73999,521.669983,526.25,526.25,211500
2014-04-24,525.0,527.080017,521.25,525.880005,525.880005,193500
2014-04-25,525.119995,525.580017,520.97998,522.320007,522.320007,201000
2014-04-28,525.080017,534.0,520.830017,531.450012,531.450012,297000
2014-04-29,533.039978,534.98999,529.039978,529.619995,529.619995,151100
2014-04-30,534.840027,534.840027,528.719971,533.890015,533.890015,284200
2014-05-01,529.119995,534.429993,525.210022,526.789978,526.789978,200700
2014-05-02,527.820007,534.580017,526.77002,529.539978,529.539978,150200
2014-05-05,529.25,531.039978,525.030029,530.059998,530.059998,131600
2014-05-06,534.950012,534.950012,522.349976,526.72998,526.72998,157300
2014-05-07,527.0,528.880005,521.97998,524.599976,524.599976,143300
2014-05-08,523.840027,532.679993,522.0,530.859985,530.859985,214400
2014-05-09,529.0,536.090027,526.690002,535.919983,535.919983,157000
2014-05-12,538.789978,544.880005,537.210022,543.380005,543.380005,194200
2014-05-13,543.780029,546.700012,532.219971,533.109985,533.109985,244800
2014-05-14,532.630005,532.98999,526.869995,529.400024,529.400024,219800
2014-05-15,530.369995,530.369995,516.789978,524.280029,524.280029,232000
2014-05-16,519.0,530.599976,519.0,527.02002,527.02002,341600
2014-05-19,525.330017,533.22998,525.330017,532.76001,532.76001,153400
2014-05-20,531.25,532.23999,526.390015,528.73999,528.73999,147500
2014-05-21,534.840027,535.530029,528.0,534.869995,534.869995,157800
2014-05-22,534.919983,544.5,534.919983,541.659973,541.659973,296300
2014-05-23,543.72998,544.469971,538.900024,540.900024,540.900024,257600
2014-05-27,541.0,546.700012,520.25,520.25,520.25,519500
2014-05-28,522.059998,534.380005,522.059998,533.340027,533.340027,367000
2014-05-29,533.659973,535.0,525.080017,527.469971,527.469971,228700
2014-05-30,527.119995,533.299988,525.469971,532.5,532.5,246200
2014-06-02,532.5,532.98999,529.340027,531.429993,531.429993,191400
2014-06-03,527.400024,532.02002,526.369995,528.109985,528.109985,218000
2014-06-04,530.099976,541.440002,526.059998,541.150024,541.150024,258700
2014-06-05,541.090027,541.090027,536.5,537.940002,537.940002,213900
2014-06-06,540.099976,541.580017,536.830017,540.780029,540.780029,136600
2014-06-09,538.419983,540.369995,532.51001,532.570007,532.570007,233700
2014-06-10,532.72998,533.719971,530.570007,532.47998,532.47998,108700
2014-06-11,531.679993,532.880005,526.400024,529.099976,529.099976,269900
2014-06-12,529.369995,529.369995,520.809998,524.369995,524.369995,248000
2014-06-13,523.150024,525.23999,520.25,523.099976,523.099976,192500
2014-06-16,523.48999,525.890015,520.929993,524.809998,524.809998,140200
2014-06-17,523.309998,525.400024,521.0,524.340027,524.340027,104700
2014-06-18,525.320007,527.25,521.380005,526.97998,526.97998,189300
2014-06-19,529.210022,530.0,526.710022,527.98999,527.98999,135500
2014-06-20,531.109985,533.059998,526.799988,530.789978,530.789978,348800
2014-06-23,531.0,534.049988,529.02002,532.940002,532.940002,195300
2014-06-24,530.429993,533.700012,529.049988,530.669983,530.669983,157300
2014-06-25,528.76001,532.299988,526.52002,532.0,532.0,137200
2014-06-26,530.0,532.650024,526.75,532.400024,532.400024,120300
2014-06-27,530.570007,535.51001,528.909973,535.320007,535.320007,167700
2014-06-30,533.0,536.450012,532.26001,536.23999,536.23999,195300
2014-07-01,537.0,538.25,534.530029,536.820007,536.820007,159200
2014-07-02,534.840027,537.789978,532.849976,535.309998,535.309998,191900
2014-07-03,537.429993,540.400024,536.109985,539.460022,539.460022,139200
2014-07-07,539.400024,540.48999,536.140015,538.23999,538.23999,185600
2014-07-08,535.51001,537.840027,534.320007,535.109985,535.109985,205700
2014-07-09,535.150024,539.609985,534.469971,538.659973,538.659973,168400
2014-07-10,535.27002,538.349976,532.0,534.02002,534.02002,132400
2014-07-11,534.02002,534.570007,528.5,533.450012,533.450012,109600
2014-07-14,536.710022,536.710022,533.039978,533.659973,533.659973,105200
2014-07-15,531.97998,534.320007,528.400024,533.51001,533.51001,251800
2014-07-16,535.869995,535.869995,529.200012,531.820007,531.820007,236500
2014-07-17,528.0,531.27002,523.51001,524.690002,524.690002,149000
2014-07-18,521.200012,523.090027,517.22998,520.559998,520.559998,345600
2014-07-21,520.559998,521.98999,513.169983,515.169983,515.169983,220600
2014-07-22,514.960022,515.27002,505.320007,511.920013,511.920013,332500
2014-07-23,510.220001,512.340027,506.459991,507.720001,507.720001,263800
2014-07-24,511.640015,516.76001,510.540009,514.820007,514.820007,242000
2014-07-25,518.909973,518.909973,513.309998,514.570007,514.570007,149100
2014-07-28,513.77002,517.419983,512.809998,513.219971,513.219971,133900
2014-07-29,512.280029,514.809998,509.950012,510.040009,510.040009,170700
2014-07-30,510.309998,523.25,510.309998,521.840027,521.840027,261900
2014-07-31,523.799988,523.799988,516.789978,517.030029,517.030029,284700
2014-08-01,515.070007,520.22998,512.039978,514.409973,514.409973,177800
2014-08-04,514.380005,521.76001,514.099976,519.48999,519.48999,115300
2014-08-05,516.400024,524.0,515.179993,518.070007,518.070007,173700
2014-08-06,516.349976,522.960022,515.530029,519.599976,519.599976,133200
2014-08-07,520.299988,521.77002,515.98999,517.26001,517.26001,203000
2014-08-08,519.780029,526.309998,516.469971,525.98999,525.98999,162000
2014-08-11,528.669983,528.669983,524.98999,525.469971,525.469971,86700
2014-08-12,523.919983,526.789978,520.02002,524.580017,524.580017,116300
2014-08-13,526.390015,526.390015,520.169983,524.030029,524.030029,140500
2014-08-14,526.340027,533.070007,524.429993,530.669983,530.669983,163100
2014-08-15,533.849976,535.799988,527.02002,529.030029,529.030029,148700
2014-08-18,531.0,534.159973,529.549988,533.900024,533.900024,126500
2014-08-19,534.22998,539.23999,533.26001,536.840027,536.840027,115800
2014-08-20,536.830017,538.700012,531.460022,537.960022,537.960022,177600
2014-08-21,538.059998,541.070007,536.26001,537.780029,537.780029,145100
2014-08-22,538.419983,539.390015,536.450012,537.460022,537.460022,161600
2014-08-25,539.0,543.630005,537.469971,540.929993,540.929993,85400
2014-08-26,542.0,542.0,535.0,535.950012,535.950012,169000
2014-08-27,537.830017,539.5,535.02002,538.47998,538.47998,158800
2014-08-28,535.090027,540.0,533.590027,538.77002,538.77002,102500
2014-08-29,540.409973,540.409973,537.330017,538.840027,538.840027,130500
2014-09-02,534.669983,541.799988,534.669983,536.559998,536.559998,212500
2014-09-03,538.109985,539.859985,534.969971,537.130005,537.130005,106800
2014-09-04,537.210022,538.390015,534.669983,534.969971,534.969971,144000
2014-09-05,535.909973,539.150024,534.559998,538.039978,538.039978,154100
2014-09-08,535.830017,538.570007,533.26001,536.0,536.0,105200
2014-09-09,533.960022,534.22998,527.590027,528.130005,528.130005,200100
2014-09-10,528.039978,531.859985,526.390015,527.359985,527.359985,217700
2014-09-11,526.119995,531.76001,525.840027,530.330017,530.330017,166000
2014-09-12,529.840027,530.950012,526.380005,530.0,530.0,153600
2014-09-15,530.25,532.159973,529.950012,530.570007,530.570007,123700
2014-09-16,528.25,543.059998,528.25,540.849976,540.849976,206600
2014-09-17,540.630005,542.159973,536.130005,536.719971,536.719971,170500
2014-09-18,536.320007,536.320007,529.460022,532.309998,532.309998,286000
2014-09-19,536.030029,536.030029,525.700012,526.440002,526.440002,440400
2014-09-22,515.01001,519.98999,500.209991,505.380005,505.380005,897300
2014-09-23,501.559998,513.039978,501.220001,507.790009,507.790009,467400
2014-09-24,509.369995,509.369995,503.600006,508.630005,508.630005,344700
2014-09-25,505.640015,509.369995,504.5,504.619995,504.619995,225300
2014-09-26,503.26001,509.119995,503.26001,508.380005,508.380005,265200
2014-09-29,506.070007,509.899994,504.369995,507.839996,507.839996,230800
2014-09-30,507.589996,512.5,503.899994,509.660004,509.660004,406800
2014-10-01,509.660004,513.429993,507.140015,508.01001,508.01001,292100
2014-10-02,509.269989,516.22998,506.299988,513.299988,513.299988,277800
2014-10-03,514.619995,520.51001,511.980011,518.109985,518.109985,269800
2014-10-06,518.619995,519.75,512.049988,512.940002,512.940002,185200
2014-10-07,509.859985,515.0,506.309998,511.720001,511.720001,262900
2014-10-08,511.309998,518.320007,508.970001,517.799988,517.799988,205800
2014-10-09,517.349976,517.349976,507.570007,508.320007,508.320007,336200
2014-10-10,509.390015,513.669983,505.829987,509.100006,509.100006,258800
2014-10-13,509.029999,511.790009,501.390015,501.779999,501.779999,216000
2014-10-14,505.970001,512.369995,503.420013,506.350006,506.350006,207700
2014-10-15,500.5,508.670013,491.929993,505.98999,505.98999,357400
2014-10-16,501.660004,507.980011,499.480011,504.579987,504.579987,279400
2014-10-17,506.660004,509.790009,503.119995,507.589996,507.589996,286300
2014-10-20,508.48999,517.849976,508.48999,517.030029,517.030029,207400
2014-10-21,520.72998,530.0,518.099976,526.940002,526.940002,236100
2014-10-22,529.369995,531.570007,520.450012,521.940002,521.940002,178000
2014-10-23,525.200012,535.390015,525.109985,531.570007,531.570007,228300
2014-10-24,530.969971,537.02002,525.809998,536.049988,536.049988,266500
2014-10-27,537.200012,541.630005,535.049988,539.570007,539.570007,251800
2014-10-28,540.200012,550.419983,538.76001,549.719971,549.719971,258500
2014-10-29,551.01001,551.359985,546.299988,550.039978,550.039978,270400
2014-10-30,547.299988,553.700012,547.299988,551.460022,551.460022,250100
2014-10-31,554.890015,556.650024,551.02002,553.52002,553.52002,295800
2014-11-03,556.0,556.0,545.0,552.179993,552.179993,1341000
2014-11-04,552.190002,557.950012,550.289978,554.359985,554.359985,230200
2014-11-05,559.109985,563.150024,554.289978,559.150024,559.150024,340600
2014-11-06,557.73999,566.530029,554.51001,566.049988,566.049988,397100
2014-11-07,566.109985,567.280029,559.559998,562.22998,562.22998,322200
2014-11-10,564.01001,568.039978,563.049988,566.390015,566.390015,217000
2014-11-11,566.429993,572.799988,565.590027,570.869995,570.869995,254000
2014-11-12,571.0,571.26001,566.419983,568.799988,568.799988,236800
2014-11-13,569.530029,576.0,569.530029,573.719971,573.719971,348000
2014-11-14,570.609985,574.090027,564.01001,567.109985,567.109985,241200
2014-11-17,567.75,572.02002,567.179993,568.059998,568.059998,209500
2014-11-18,567.98999,573.090027,565.280029,568.590027,568.590027,194900
2014-11-19,570.630005,572.169983,567.119995,568.51001,568.51001,139100
2014-11-20,564.950012,569.5,564.950012,567.5,567.5,176600
2014-11-21,574.140015,574.820007,568.599976,569.210022,569.210022,239400
2014-11-24,569.159973,571.609985,566.409973,571.380005,571.380005,174900
2014-11-25,573.659973,573.659973,566.349976,568.97998,568.97998,243500
2014-11-26,570.0,572.98999,566.650024,568.549988,568.549988,144200
2014-11-28,570.0,583.0,566.080017,577.710022,577.710022,121200
2014-12-01,575.97998,579.52002,571.27002,575.719971,575.719971,409200
2014-12-02,571.52002,586.450012,571.52002,585.48999,585.48999,453800
2014-12-03,585.460022,593.0,585.460022,590.549988,590.549988,354400
2014-12-04,588.0,592.900024,586.090027,588.070007,588.070007,299500
2014-12-05,588.119995,592.409973,587.390015,587.950012,587.950012,274400
2014-12-08,593.659973,594.530029,578.780029,581.049988,581.049988,399400
2014-12-09,606.0,611.530029,593.059998,605.809998,605.809998,661100
2014-12-10,606.25,610.98999,597.01001,598.369995,598.369995,318100
2014-12-11,602.820007,606.390015,597.309998,602.390015,602.390015,319700
2014-12-12,598.559998,609.390015,597.919983,604.72998,604.72998,285000
2014-12-15,609.090027,612.830017,604.190002,605.840027,605.840027,304800
2014-12-16,603.880005,610.349976,597.929993,597.929993,597.929993,302400
2014-12-17,600.0,604.190002,594.909973,602.460022,602.460022,317800
2014-12-18,606.77002,616.109985,600.119995,615.47998,615.47998,340000
2014-12-19,620.559998,620.559998,610.640015,618.599976,618.599976,376800
2014-12-22,614.890015,617.309998,611.840027,616.640015,616.640015,221200
2014-12-23,619.0,626.190002,617.780029,621.299988,621.299988,182500
2014-12-24,621.72998,624.380005,617.429993,617.429993,617.429993,68700
2014-12-26,618.400024,624.969971,615.429993,618.76001,618.76001,106700
2014-12-29,618.130005,625.780029,617.150024,624.48999,624.48999,114600
2014-12-30,623.320007,626.090027,619.090027,622.450012,622.450012,170900
2014-12-31,626.48999,627.299988,618.940002,619.109985,619.109985,206800
2015-01-02,623.97998,623.97998,613.48999,616.789978,616.789978,224600
2015-01-05,614.460022,616.109985,605.700012,608.48999,608.48999,439800
2015-01-06,610.77002,612.340027,599.809998,607.820007,607.820007,388500
2015-01-07,616.0,616.0,605.590027,607.23999,607.23999,388200
2015-01-08,610.359985,614.969971,605.070007,606.0,606.0,593300
2015-01-09,608.330017,608.609985,600.039978,606.02002,606.02002,473600
2015-01-12,606.840027,609.030029,596.559998,597.359985,597.359985,163000
2015-01-13,599.380005,603.219971,583.549988,588.950012,588.950012,252800
2015-01-14,584.590027,586.159973,577.929993,582.780029,582.780029,316400
2015-01-15,584.080017,586.530029,574.919983,575.280029,575.280029,196500
2015-01-16,575.190002,581.119995,569.539978,580.849976,580.849976,340500
2015-01-20,582.799988,586.960022,578.049988,584.330017,584.330017,201200
2015-01-21,581.539978,588.440002,579.090027,586.059998,586.059998,332500
2015-01-22,587.73999,602.679993,586.409973,600.099976,600.099976,253600
2015-01-23,603.349976,605.950012,599.210022,604.0,604.0,271600
2015-01-26,602.849976,612.609985,600.52002,612.140015,612.140015,246700
2015-01-27,608.440002,612.859985,605.130005,608.590027,608.590027,271700
2015-01-28,610.25,617.690002,608.179993,610.570007,610.570007,258200
2015-01-29,606.01001,612.900024,606.01001,611.130005,611.130005,262200
2015-01-30,611.450012,614.630005,596.47998,596.960022,596.960022,349000
2015-02-02,600.51001,601.590027,586.25,593.75,593.75,315900
2015-02-03,598.549988,608.130005,597.409973,607.840027,607.840027,263900
2015-02-04,607.200012,612.809998,597.849976,601.630005,601.630005,280900
2015-02-05,605.960022,621.47998,596.640015,614.880005,614.880005,363700
2015-02-06,613.950012,618.099976,609.659973,611.340027,611.340027,225600
2015-02-09,607.140015,613.559998,606.280029,613.049988,613.049988,223200
2015-02-10,620.219971,620.219971,609.25,616.659973,616.659973,158700
2015-02-11,615.0,621.98999,614.0,620.51001,620.51001,188100
2015-02-12,619.890015,621.75,615.52002,617.51001,617.51001,160400
2015-02-13,614.130005,619.619995,611.679993,618.5,618.5,164400
2015-02-17,615.549988,620.309998,612.950012,615.150024,615.150024,205400
2015-02-18,613.719971,617.98999,612.679993,617.919983,617.919983,167700
2015-02-19,621.47998,623.440002,612.76001,618.340027,618.340027,238000
2015-02-20,618.97998,625.0,614.390015,623.309998,623.309998,236900
2015-02-23,625.0,636.969971,620.48999,636.77002,636.77002,281500
2015-02-24,638.580017,640.0,634.150024,637.789978,637.789978,163800
2015-02-25,640.97998,642.169983,634.650024,637.119995,637.119995,188600
2015-02-26,633.299988,646.52002,633.299988,644.969971,644.969971,231500
2015-02-27,647.23999,651.950012,640.52002,642.679993,642.679993,319400
2015-03-02,642.419983,649.530029,640.659973,649.530029,649.530029,326200
2015-03-03,671.140015,674.76001,648.98999,651.900024,651.900024,666600
2015-03-04,653.469971,654.76001,644.219971,652.47998,652.47998,448400
2015-03-05,655.849976,657.880005,646.849976,650.969971,650.969971,345200
2015-03-06,647.460022,652.859985,644.390015,645.200012,645.200012,277900
2015-03-09,644.530029,651.140015,644.119995,650.890015,650.890015,236900
2015-03-10,650.429993,650.429993,640.809998,643.049988,643.049988,338800
2015-03-11,640.0,649.969971,640.0,643.809998,643.809998,386300
2015-03-12,647.390015,656.390015,645.52002,652.76001,652.76001,238500
2015-03-13,654.460022,657.859985,647.559998,654.659973,654.659973,178200
2015-03-16,658.390015,665.780029,657.27002,665.409973,665.409973,232600
2015-03-17,659.400024,665.299988,658.51001,662.179993,662.179993,225700
2015-03-18,663.409973,671.289978,659.01001,667.419983,667.419983,248000
2015-03-19,667.75,672.469971,661.51001,667.390015,667.390015,178200
2015-03-20,666.25,671.150024,662.049988,662.429993,662.429993,349400
2015-03-23,664.929993,671.830017,663.23999,671.27002,671.27002,439700
2015-03-24,671.190002,675.849976,664.97998,667.450012,667.450012,249000
2015-03-25,669.47998,671.409973,660.059998,660.719971,660.719971,233900
2015-03-26,661.109985,662.5,652.190002,662.039978,662.039978,212100
2015-03-27,664.150024,682.0,662.119995,681.340027,681.340027,384800
2015-03-30,682.580017,690.869995,681.799988,689.380005,689.380005,277300
2015-03-31,683.059998,694.450012,682.159973,682.159973,682.159973,421300
2015-04-01,687.0,693.570007,678.599976,692.929993,692.929993,420900
2015-04-02,691.859985,696.0,684.820007,689.109985,689.109985,339600
2015-04-06,684.77002,699.190002,684.200012,695.450012,695.450012,371700
2015-04-07,694.960022,698.940002,690.469971,693.109985,693.109985,253300
2015-04-08,690.909973,699.950012,690.599976,698.23999,698.23999,236100
2015-04-09,696.559998,699.640015,690.820007,695.77002,695.77002,251700
2015-04-10,698.650024,702.25,696.030029,701.72998,701.72998,157100
2015-04-13,699.0,704.450012,696.150024,699.049988,699.049988,163800
2015-04-14,696.090027,699.0,690.23999,695.809998,695.809998,199300
2015-04-15,698.0,699.25,689.140015,694.169983,694.169983,277800
2015-04-16,690.0,694.299988,686.119995,692.400024,692.400024,304200
2015-04-17,686.380005,689.450012,681.400024,683.429993,683.429993,306800
2015-04-20,685.76001,692.409973,685.72998,689.359985,689.359985,207000
2015-04-21,692.409973,695.130005,684.359985,690.72998,690.72998,274500
2015-04-22,691.0,694.52002,683.559998,693.409973,693.409973,525300
2015-04-23,695.0,703.109985,695.0,702.330017,702.330017,412400
2015-04-24,705.0,705.0,699.969971,702.0,702.0,229500
2015-04-27,702.72998,703.22998,691.809998,692.380005,692.380005,229300
2015-04-28,691.679993,694.52002,688.599976,693.049988,693.049988,207500
2015-04-29,690.0,694.090027,681.130005,682.390015,682.390015,263700
2015-04-30,682.630005,684.47998,671.359985,672.659973,672.659973,414800
2015-05-01,675.059998,680.719971,673.820007,679.25,679.25,285600
2015-05-04,683.0,686.909973,680.01001,684.73999,684.73999,181700
2015-05-05,682.0,684.210022,672.400024,672.909973,672.909973,233500
2015-05-06,674.5,677.200012,668.140015,675.030029,675.030029,247600
2015-05-07,678.0,683.0,675.030029,677.47998,677.47998,207900
2015-05-08,683.919983,690.440002,681.330017,686.130005,686.130005,184400
2015-05-11,689.0,689.669983,678.469971,678.830017,678.830017,309500
2015-05-12,677.52002,682.840027,676.869995,678.969971,678.969971,230000
2015-05-13,676.859985,686.950012,676.859985,680.359985,680.359985,259100
2015-05-14,683.539978,687.309998,678.590027,682.130005,682.130005,360000
2015-05-15,685.340027,690.22998,680.340027,689.849976,689.849976,343000
2015-05-18,690.0,695.5,688.880005,693.52002,693.52002,280600
2015-05-19,696.23999,701.27002,692.73999,694.580017,694.580017,186400
2015-05-20,695.309998,696.039978,687.73999,687.809998,687.809998,234800
2015-05-21,685.0,692.400024,682.030029,691.909973,691.909973,272700
2015-05-22,692.960022,693.960022,686.849976,689.179993,689.179993,290700
2015-05-26,689.070007,693.98999,682.859985,688.429993,688.429993,409000
2015-05-27,682.0,688.820007,677.73999,680.72998,680.72998,434100
2015-05-28,681.150024,687.419983,676.890015,679.51001,679.51001,338900
2015-05-29,681.969971,682.159973,672.659973,673.619995,673.619995,277800
2015-06-01,676.97998,677.099976,668.400024,673.359985,673.359985,304800
2015-06-02,674.179993,680.340027,670.119995,675.73999,675.73999,259500
2015-06-03,679.880005,683.140015,676.679993,681.789978,681.789978,267200
2015-06-04,679.919983,681.809998,675.359985,678.179993,678.179993,282600
2015-06-05,679.320007,679.320007,674.559998,675.5,675.5,203300
2015-06-08,673.5,680.799988,672.039978,678.450012,678.450012,273500
2015-06-09,676.380005,680.52002,672.609985,676.039978,676.039978,213000
2015-06-10,676.539978,682.679993,675.429993,681.580017,681.580017,265900
2015-06-11,684.789978,687.580017,682.419983,684.840027,684.840027,155600
2015-06-12,681.280029,686.140015,680.01001,682.080017,682.080017,192400
2015-06-15,680.25,681.599976,672.340027,674.0,674.0,273200
2015-06-16,673.51001,679.539978,673.51001,675.780029,675.780029,152900
2015-06-17,676.280029,680.5,668.070007,673.330017,673.330017,215700
2015-06-18,675.76001,686.460022,674.599976,684.22998,684.22998,300400
2015-06-19,682.409973,685.25,679.700012,681.669983,681.669983,344100
2015-06-22,684.48999,684.48999,679.570007,681.5,681.5,195000
2015-06-23,684.23999,685.869995,681.700012,685.539978,685.539978,150400
2015-06-24,682.700012,684.409973,678.119995,679.640015,679.640015,174600
2015-06-25,680.929993,684.700012,678.580017,680.309998,680.309998,161600
2015-06-26,681.26001,683.51001,676.299988,677.469971,677.469971,273000
2015-06-29,673.0,674.859985,662.719971,663.159973,663.159973,216400
2015-06-30,667.969971,672.609985,662.700012,666.900024,666.900024,252700
2015-07-01,670.840027,673.72998,667.219971,673.140015,673.140015,228400
2015-07-02,675.700012,675.700012,667.580017,671.690002,671.690002,137600
2015-07-06,667.700012,675.77002,667.700012,675.070007,675.070007,191300
2015-07-07,675.950012,683.98999,671.200012,680.73999,680.73999,178800
2015-07-08,675.76001,677.280029,668.190002,668.190002,668.190002,204300
2015-07-09,673.0,675.0,668.340027,670.359985,670.359985,186500
2015-07-10,678.320007,684.090027,674.419983,682.299988,682.299988,294400
2015-07-13,685.0,687.0,677.530029,685.320007,685.320007,181700
2015-07-14,685.099976,685.929993,673.580017,676.460022,676.460022,244300
2015-07-15,678.309998,681.849976,673.469971,680.780029,680.780029,157900
2015-07-16,684.890015,685.0,678.090027,680.719971,680.719971,165600
2015-07-17,678.76001,679.969971,675.280029,677.130005,677.130005,124600
2015-07-20,677.429993,679.099976,671.460022,676.049988,676.049988,209400
2015-07-21,675.72998,677.799988,669.0,671.700012,671.700012,168700
2015-07-22,671.619995,678.049988,671.130005,677.320007,677.320007,112800
2015-07-23,680.030029,684.599976,676.48999,681.289978,681.289978,160700
2015-07-24,681.659973,683.619995,673.809998,675.25,675.25,163300
2015-07-27,674.070007,676.72998,667.48999,674.369995,674.369995,180100
2015-07-28,675.549988,687.419983,672.97998,687.140015,687.140015,187200
2015-07-29,688.580017,693.570007,683.190002,692.679993,692.679993,178500
2015-07-30,693.539978,696.140015,688.369995,695.030029,695.030029,146400
2015-07-31,697.880005,703.380005,694.919983,700.940002,700.940002,180600
2015-08-03,702.0,702.0,693.590027,696.960022,696.960022,101000
2015-08-04,696.960022,703.619995,696.409973,702.780029,702.780029,111100
2015-08-05,706.609985,712.460022,704.659973,711.690002,711.690002,252500
2015-08-06,712.0,712.0,695.650024,697.109985,697.109985,170800
2015-08-07,696.719971,705.719971,695.22998,704.400024,704.400024,157900
2015-08-10,709.390015,712.030029,706.049988,709.469971,709.469971,130100
2015-08-11,710.01001,714.859985,704.049988,714.210022,714.210022,228100
2015-08-12,710.47998,721.47998,708.039978,721.140015,721.140015,286600
2015-08-13,721.0,747.469971,713.669983,739.070007,739.070007,349700
2015-08-14,739.0,743.880005,735.390015,741.27002,741.27002,168200
2015-08-17,739.080017,745.340027,737.690002,743.179993,743.179993,127300
2015-08-18,743.0,747.25,741.97998,746.200012,746.200012,154300
2015-08-19,742.0,754.900024,739.200012,750.130005,750.130005,190200
2015-08-20,746.450012,749.679993,737.919983,738.289978,738.289978,206700
2015-08-21,732.369995,733.109985,700.809998,700.919983,700.919983,453900
2015-08-24,667.0,710.619995,667.0,684.98999,684.98999,537000
2015-08-25,715.5,715.5,687.929993,687.929993,687.929993,431300
2015-08-26,701.5,706.559998,688.049988,706.25,706.25,405100
2015-08-27,723.969971,737.380005,713.26001,724.780029,724.780029,636300
2015-08-28,725.280029,727.969971,720.799988,726.390015,726.390015,238700
2015-08-31,724.080017,729.940002,715.98999,715.98999,715.98999,221600
2015-09-01,711.969971,719.359985,703.150024,714.369995,714.369995,284200
2015-09-02,720.869995,731.460022,715.75,730.719971,730.719971,297300
2015-09-03,731.219971,738.73999,727.619995,729.809998,729.809998,212600
2015-09-04,723.840027,729.130005,713.559998,717.700012,717.700012,234500
2015-09-08,723.049988,736.039978,722.549988,732.909973,732.909973,220000
2015-09-09,737.849976,738.48999,720.23999,721.0,721.0,275600
2015-09-10,720.5,727.039978,719.219971,720.929993,720.929993,243600
2015-09-11,716.0,728.130005,715.02002,727.440002,727.440002,207400
2015-09-14,728.0,729.48999,718.080017,719.929993,719.929993,183000
2015-09-15,722.47998,729.940002,718.48999,729.440002,729.440002,226500
2015-09-16,728.369995,734.039978,726.369995,732.719971,732.719971,183900
2015-09-17,734.669983,747.0,732.25,734.619995,734.619995,209800
2015-09-18,727.25,734.429993,722.169983,724.98999,724.98999,492500
2015-09-21,726.900024,735.390015,725.570007,728.400024,728.400024,304300
2015-09-22,730.150024,749.98999,726.299988,728.0,728.0,833700
2015-09-23,730.400024,747.330017,720.179993,746.22998,746.22998,445900
2015-09-24,741.23999,748.559998,740.0,746.530029,746.530029,342300
2015-09-25,748.72998,758.140015,746.77002,753.47998,753.47998,507000
2015-09-28,752.27002,752.409973,730.679993,730.799988,730.799988,413800
2015-09-29,731.299988,739.98999,717.900024,724.719971,724.719971,276400
2015-09-30,730.919983,732.669983,721.340027,723.830017,723.830017,403600
2015-10-01,732.809998,738.059998,715.919983,736.349976,736.349976,334300
2015-10-02,730.349976,742.049988,724.140015,740.780029,740.780029,369500
2015-10-05,750.0,750.0,741.570007,747.280029,747.280029,331300
2015-10-06,746.780029,747.090027,740.130005,744.619995,744.619995,285300
2015-10-07,748.109985,748.109985,733.150024,736.0,736.0,267100
2015-10-08,739.890015,740.98999,730.950012,735.309998,735.309998,261700
2015-10-09,732.75,737.299988,729.049988,736.919983,736.919983,222900
2015-10-12,738.330017,745.859985,730.700012,744.059998,744.059998,165100
2015-10-13,741.130005,745.0,738.76001,740.0,740.0,226500
2015-10-14,739.030029,742.929993,727.710022,729.380005,729.380005,230300
2015-10-15,730.030029,738.48999,727.710022,737.429993,737.429993,276200
2015-10-16,743.059998,744.599976,734.179993,739.820007,739.820007,288800
2015-10-19,740.75,744.51001,735.380005,744.02002,744.02002,211200
2015-10-20,746.0,747.090027,740.929993,745.940002,745.940002,198300
2015-10-21,749.400024,750.099976,741.400024,745.289978,745.289978,133300
2015-10-22,750.0,761.909973,747.219971,761.590027,761.590027,353300
2015-10-23,766.580017,767.130005,758.070007,762.23999,762.23999,260700
2015-10-26,764.150024,772.099976,760.830017,768.070007,768.070007,224800
2015-10-27,769.0,771.280029,755.77002,763.26001,763.26001,306900
2015-10-28,763.27002,780.27002,760.369995,778.059998,778.059998,285300
2015-10-29,779.559998,787.900024,776.960022,783.22998,783.22998,309000
2015-10-30,786.429993,789.52002,779.73999,784.409973,784.409973,280200
2015-11-02,783.909973,789.679993,774.090027,785.26001,785.26001,248900
2015-11-03,784.51001,795.0,783.460022,791.48999,791.48999,285800
2015-11-04,790.98999,796.77002,786.099976,788.75,788.75,227100
2015-11-05,789.25,797.969971,788.150024,795.390015,795.390015,193700
2015-11-06,792.799988,803.25,792.799988,797.289978,797.289978,370100
2015-11-09,796.549988,798.409973,780.799988,783.47998,783.47998,244600
2015-11-10,782.049988,791.72998,780.859985,789.650024,789.650024,163700
2015-11-11,789.650024,793.48999,785.01001,787.280029,787.280029,93700
2015-11-12,777.0,783.98999,774.27002,775.210022,775.210022,315400
2015-11-13,789.25,789.609985,746.0,755.25,755.25,469800
2015-11-16,753.140015,775.710022,751.299988,775.539978,775.539978,303400
2015-11-17,780.299988,782.0,767.549988,773.0,773.0,197300
2015-11-18,772.409973,784.150024,770.51001,783.349976,783.349976,169400
2015-11-19,783.0,786.190002,777.169983,779.059998,779.059998,155700
2015-11-20,784.359985,785.840027,780.190002,783.820007,783.820007,215400
2015-11-23,783.349976,787.97998,776.359985,781.450012,781.450012,143600
2015-11-24,777.119995,782.700012,771.73999,779.659973,779.659973,165700
2015-11-25,778.929993,790.669983,778.929993,786.090027,786.090027,148600
2015-11-27,784.97998,789.5,781.75,785.960022,785.960022,104400
2015-11-30,786.390015,793.820007,778.869995,783.77002,783.77002,391600
2015-12-01,786.039978,792.419983,773.780029,779.23999,779.23999,237100
2015-12-02,780.059998,786.289978,767.0,769.130005,769.130005,302600
2015-12-03,770.369995,770.900024,753.080017,757.369995,757.369995,275900
2015-12-04,759.590027,761.650024,754.23999,760.98999,760.98999,401000
2015-12-07,760.0,763.309998,748.559998,752.169983,752.169983,413900
2015-12-08,768.369995,798.599976,754.869995,796.090027,796.090027,571000
2015-12-09,794.0,800.869995,775.5,783.809998,783.809998,522300
2015-12-10,786.090027,786.309998,775.640015,777.690002,777.690002,217700
2015-12-11,765.0,790.73999,749.02002,755.880005,755.880005,239200
2015-12-14,755.880005,761.609985,748.039978,760.5,760.5,225100
2015-12-15,764.039978,764.609985,756.030029,761.299988,761.299988,207400
2015-12-16,765.969971,766.409973,751.840027,764.690002,764.690002,231400
2015-12-17,762.72998,763.5,753.299988,755.309998,755.309998,246100
2015-12-18,759.909973,759.909973,741.570007,741.880005,741.880005,393900
2015-12-21,749.299988,752.0,735.52002,742.950012,742.950012,249700
2015-12-22,747.0,748.590027,739.049988,744.820007,744.820007,171500
2015-12-23,747.76001,749.02002,741.789978,744.349976,744.349976,130400
2015-12-24,743.849976,744.299988,734.549988,740.559998,740.559998,114900
2015-12-28,739.880005,742.190002,734.960022,741.869995,741.869995,121500
2015-12-29,743.289978,753.01001,742.869995,749.179993,749.179993,557800
2015-12-30,745.380005,755.080017,745.380005,750.169983,750.169983,141700
2015-12-31,747.97998,751.5,741.840027,741.909973,741.909973,137900
2016-01-04,733.0,742.22998,728.52002,735.47998,735.47998,299100
2016-01-05,735.47998,742.559998,731.090027,738.859985,738.859985,232900
2016-01-06,733.320007,738.349976,727.109985,729.200012,729.200012,255100
2016-01-07,720.289978,740.47998,711.070007,735.960022,735.960022,313500
2016-01-08,735.960022,738.869995,708.900024,712.059998,712.059998,258500
2016-01-11,712.559998,726.099976,709.969971,718.690002,718.690002,342800
2016-01-12,722.51001,730.48999,712.840027,728.98999,728.98999,250100
2016-01-13,732.830017,732.830017,702.570007,704.200012,704.200012,269200
2016-01-14,702.820007,718.200012,699.369995,712.609985,712.609985,262400
2016-01-15,696.320007,710.309998,693.01001,704.73999,704.73999,370100
2016-01-19,712.969971,718.130005,704.01001,715.710022,715.710022,346800
2016-01-20,708.0,718.609985,698.900024,713.659973,713.659973,385700
2016-01-21,713.099976,724.820007,710.099976,717.72998,717.72998,281200
2016-01-22,722.710022,733.299988,721.440002,728.320007,728.320007,279000
2016-01-25,728.809998,738.950012,727.72998,728.52002,728.52002,220300
2016-01-26,731.109985,745.570007,731.109985,743.590027,743.590027,231000
2016-01-27,740.299988,754.98999,736.51001,744.289978,744.289978,313300
2016-01-28,751.73999,753.799988,741.159973,747.549988,747.549988,333700
2016-01-29,745.47998,771.590027,743.0,767.390015,767.390015,472800
2016-02-01,765.0,774.799988,762.01001,768.549988,768.549988,393900
2016-02-02,768.179993,769.039978,756.080017,763.599976,763.599976,340000
2016-02-03,768.590027,768.590027,745.299988,751.900024,751.900024,478800
2016-02-04,748.039978,750.320007,734.299988,747.869995,747.869995,512200
2016-02-05,748.609985,749.609985,722.580017,727.349976,727.349976,633500
2016-02-08,716.549988,722.900024,681.01001,695.460022,695.460022,656200
2016-02-09,692.0,704.059998,686.219971,697.580017,697.580017,562500
2016-02-10,702.570007,709.890015,695.059998,697.169983,697.169983,374500
2016-02-11,698.98999,720.840027,692.76001,712.75,712.75,571800
2016-02-12,717.140015,732.369995,714.02002,729.619995,729.619995,319900
2016-02-16,745.0,767.200012,741.01001,757.690002,757.690002,602600
2016-02-17,762.0,772.450012,745.700012,754.179993,754.179993,381800
2016-02-18,750.0,756.080017,746.539978,748.51001,748.51001,382500
2016-02-19,746.909973,760.099976,745.359985,759.909973,759.909973,340300
2016-02-22,767.25,771.950012,763.01001,764.900024,764.900024,230300
2016-02-23,766.549988,771.179993,755.690002,764.280029,764.280029,290700
2016-02-24,760.630005,778.359985,758.059998,777.830017,777.830017,306000
2016-02-25,780.0,785.710022,772.26001,785.150024,785.150024,247200
2016-02-26,785.719971,787.47998,776.869995,781.640015,781.640015,270300
2016-02-29,784.5,787.0,774.570007,774.570007,774.570007,388000
2016-03-01,782.210022,794.5,778.059998,790.559998,790.559998,464200
2016-03-02,788.0,792.440002,774.450012,780.890015,780.890015,315600
2016-03-03,776.130005,785.159973,772.820007,782.48999,782.48999,238400
2016-03-04,784.710022,784.710022,773.869995,777.619995,777.619995,276500
2016-03-07,771.099976,781.429993,767.429993,770.950012,770.950012,225700
2016-03-08,766.02002,773.169983,765.0,765.049988,765.049988,343000
2016-03-09,770.01001,778.570007,765.98999,776.289978,776.289978,272200
2016-03-10,779.320007,790.690002,770.830017,788.359985,788.359985,327700
2016-03-11,791.030029,798.98999,786.650024,797.02002,797.02002,334800
2016-03-14,794.97998,801.0,793.900024,796.609985,796.609985,278300
2016-03-15,791.609985,803.830017,789.940002,793.869995,793.869995,251300
2016-03-16,793.869995,795.640015,783.22998,792.52002,792.52002,246500
2016-03-17,792.309998,792.309998,775.190002,784.710022,784.710022,320100
2016-03-18,788.630005,788.630005,777.25,780.210022,780.210022,391600
2016-03-21,779.080017,787.320007,779.080017,786.580017,786.580017,143200
2016-03-22,784.380005,794.309998,784.140015,785.98999,785.98999,242000
2016-03-23,787.530029,807.48999,786.179993,805.289978,805.289978,399300
2016-03-24,803.47998,810.0,798.5,803.059998,803.059998,249600
2016-03-28,803.780029,804.679993,795.869995,799.789978,799.789978,210900
2016-03-29,802.669983,805.0,796.47998,798.039978,798.039978,330100
2016-03-30,803.0,803.549988,792.450012,802.52002,802.52002,241300
2016-03-31,804.530029,804.530029,793.650024,796.690002,796.690002,269000
2016-04-01,793.969971,809.369995,791.919983,805.400024,805.400024,290900
2016-04-04,803.119995,803.799988,787.030029,792.950012,792.950012,268800
2016-04-05,789.619995,792.98999,786.48999,787.599976,787.599976,269200
2016-04-06,786.289978,790.359985,782.820007,788.73999,788.73999,210300
2016-04-07,787.190002,790.0,781.0,785.130005,785.130005,274500
2016-04-08,786.23999,786.23999,776.849976,783.929993,783.929993,240800
2016-04-11,782.72998,786.409973,772.219971,773.880005,773.880005,228400
2016-04-12,774.119995,778.27002,769.789978,777.039978,777.039978,217800
2016-04-13,782.02002,782.419983,772.200012,777.450012,777.450012,212100
2016-04-14,776.330017,785.109985,775.659973,778.140015,778.140015,177800
2016-04-15,778.530029,783.960022,776.400024,779.780029,779.780029,134400
2016-04-18,778.23999,787.369995,778.23999,783.219971,783.219971,148100
2016-04-19,781.659973,787.109985,776.070007,777.429993,777.429993,182100
2016-04-20,777.450012,781.840027,773.049988,777.049988,777.049988,169700
2016-04-21,777.049988,778.650024,765.690002,766.549988,766.549988,210100
2016-04-22,767.070007,773.359985,762.77002,771.070007,771.070007,181300
2016-04-25,768.0,778.02002,766.26001,774.650024,774.650024,131000
2016-04-26,775.76001,781.27002,774.469971,778.789978,778.789978,130000
2016-04-27,775.039978,784.650024,772.630005,780.27002,780.27002,168400
2016-04-28,775.0,775.0,765.849976,767.469971,767.469971,228600
2016-04-29,767.22998,769.0,753.440002,765.22998,765.22998,259100
2016-05-02,770.0,776.840027,768.309998,774.97998,774.97998,220800
2016-05-03,770.659973,787.960022,770.659973,784.580017,784.580017,261500
2016-05-04,780.0,786.869995,776.77002,785.419983,785.419983,200000
2016-05-05,782.599976,783.599976,772.48999,774.039978,774.039978,213700
2016-05-06,770.640015,777.780029,764.130005,776.210022,776.210022,151500
2016-05-09,774.940002,785.640015,769.580017,783.719971,783.719971,156700
2016-05-10,784.719971,790.419983,781.23999,788.799988,788.799988,196400
2016-05-11,783.900024,784.369995,768.710022,769.289978,769.289978,313200
2016-05-12,775.01001,783.330017,771.950012,780.809998,780.809998,219200
2016-05-13,781.880005,783.5,768.52002,769.440002,769.440002,185400
2016-05-16,768.869995,781.98999,767.530029,779.130005,779.130005,179200
2016-05-17,778.219971,781.77002,758.799988,761.380005,761.380005,346900
2016-05-18,759.5,765.429993,754.359985,760.859985,760.859985,347100
2016-05-19,745.0,758.969971,742.630005,756.52002,756.52002,420300
2016-05-20,759.23999,769.159973,755.869995,761.559998,761.559998,386000
2016-05-23,760.23999,761.5,740.51001,742.080017,742.080017,509100
2016-05-24,733.349976,766.640015,732.219971,760.419983,760.419983,571800
2016-05-25,760.75,771.849976,757.450012,767.630005,767.630005,329600
2016-05-26,766.450012,776.330017,764.73999,767.380005,767.380005,333300
2016-05-27,768.0,773.280029,763.630005,765.75,765.75,288900
2016-05-31,767.48999,767.52002,759.22998,762.200012,762.200012,599000
2016-06-01,759.700012,764.659973,758.400024,760.75,760.75,327700
2016-06-02,760.76001,770.440002,756.580017,768.590027,768.590027,295600
2016-06-03,766.150024,769.659973,758.210022,761.309998,761.309998,310200
2016-06-06,761.309998,762.090027,748.929993,756.119995,756.119995,384000
2016-06-07,754.01001,762.059998,752.280029,760.840027,760.840027,287200
2016-06-08,758.340027,763.559998,757.48999,760.580017,760.580017,205700
2016-06-09,761.190002,765.5,755.25,760.070007,760.070007,256000
2016-06-10,757.340027,758.590027,752.650024,754.150024,754.150024,239100
2016-06-13,753.299988,758.159973,750.150024,751.140015,751.140015,300000
2016-06-14,748.280029,749.400024,743.690002,748.380005,748.380005,246700
2016-06-15,748.02002,755.820007,747.0,747.690002,747.690002,185100
2016-06-16,745.349976,751.419983,741.580017,751.309998,751.309998,410500
2016-06-17,750.559998,750.559998,743.950012,745.830017,745.830017,293800
2016-06-20,757.070007,758.150024,750.97998,752.059998,752.059998,170200
2016-06-21,749.130005,751.669983,744.359985,748.73999,748.73999,194200
2016-06-22,751.640015,763.929993,749.169983,756.299988,756.299988,266000
2016-06-23,760.440002,763.849976,756.799988,762.77002,762.77002,173200
2016-06-24,743.309998,775.98999,741.52002,769.919983,769.919983,480500
2016-06-27,764.940002,772.47998,762.380005,767.650024,767.650024,310900
2016-06-28,770.299988,791.580017,768.530029,790.460022,790.460022,439200
2016-06-29,794.210022,804.77002,790.190002,792.820007,792.820007,327000
2016-06-30,792.98999,797.039978,786.169983,793.840027,793.840027,327100
2016-07-01,795.960022,802.940002,792.719971,798.719971,798.719971,196600
2016-07-05,800.0,804.200012,796.27002,803.359985,803.359985,302900
2016-07-06,803.0,810.75,802.099976,805.559998,805.559998,235700
2016-07-07,804.840027,809.059998,797.690002,799.659973,799.659973,203500
2016-07-08,804.0,815.450012,801.849976,815.02002,815.02002,217400
2016-07-11,815.150024,819.539978,808.619995,809.719971,809.719971,179800
2016-07-12,811.340027,815.0,799.570007,801.080017,801.080017,206800
2016-07-13,805.289978,807.359985,796.830017,801.309998,801.309998,134600
2016-07-14,806.289978,807.890015,798.299988,805.179993,805.179993,155500
2016-07-15,810.0,810.0,798.830017,799.140015,799.140015,183600
2016-07-18,800.900024,803.97998,793.630005,796.380005,796.380005,232700
2016-07-19,789.080017,799.900024,782.299988,795.659973,795.659973,246000
2016-07-20,796.869995,801.0,796.469971,800.039978,800.039978,194300
2016-07-21,798.890015,799.460022,790.330017,792.630005,792.630005,99000
2016-07-22,796.409973,796.869995,790.969971,794.530029,794.530029,114200
2016-07-25,796.919983,798.960022,794.599976,798.460022,798.460022,128700
2016-07-26,794.590027,805.559998,794.590027,800.440002,800.440002,205700
2016-07-27,802.5,802.919983,788.840027,790.320007,790.320007,164200
2016-07-28,791.450012,818.0,791.450012,815.97998,815.97998,302800
2016-07-29,816.0,816.52002,810.0,813.969971,813.969971,221900
2016-08-01,816.119995,817.73999,810.140015,811.780029,811.780029,136600
2016-08-02,813.549988,816.830017,800.5,802.530029,802.530029,151100
2016-08-03,803.530029,808.27002,800.880005,804.909973,804.909973,126600
2016-08-04,802.719971,809.98999,802.719971,808.23999,808.23999,85200
2016-08-05,809.679993,812.840027,805.02002,806.289978,806.289978,145500
2016-08-08,808.320007,808.880005,800.039978,801.26001,801.26001,114500
2016-08-09,800.590027,803.0,797.02002,798.0,798.0,150800
2016-08-10,798.789978,804.72998,798.0,803.450012,803.450012,127700
2016-08-11,806.679993,813.47998,798.960022,801.23999,801.23999,205600
2016-08-12,799.030029,802.900024,795.340027,795.859985,795.859985,112800
2016-08-15,796.719971,798.650024,793.289978,794.359985,794.359985,161000
2016-08-16,790.0,793.950012,788.090027,789.539978,789.539978,155600
2016-08-17,787.570007,789.440002,782.130005,786.26001,786.26001,160100
2016-08-18,787.309998,792.340027,783.469971,788.359985,788.359985,169000
2016-08-19,788.469971,794.0,787.140015,793.900024,793.900024,182100
2016-08-22,793.659973,795.429993,790.190002,790.669983,790.669983,159500
2016-08-23,794.840027,795.570007,787.969971,788.880005,788.880005,187600
2016-08-24,784.619995,788.369995,773.76001,777.119995,777.119995,351000
2016-08-25,773.429993,779.820007,772.409973,773.049988,773.049988,235200
2016-08-26,771.280029,771.5,752.130005,753.469971,753.469971,450800
2016-08-29,753.580017,759.369995,748.849976,750.849976,750.849976,363600
2016-08-30,752.869995,752.869995,737.030029,741.859985,741.859985,433200
2016-08-31,741.47998,745.47998,736.900024,741.799988,741.799988,315800
2016-09-01,744.22998,748.469971,742.5,744.77002,744.77002,310100
2016-09-02,748.409973,748.409973,737.5,739.72998,739.72998,213500
2016-09-06,739.75,743.23999,731.799988,737.26001,737.26001,311000
2016-09-07,736.830017,739.130005,731.080017,732.119995,732.119995,338900
2016-09-08,729.900024,730.650024,726.070007,729.380005,729.380005,317700
2016-09-09,727.640015,728.669983,722.159973,722.440002,722.440002,400500
2016-09-12,724.950012,743.119995,723.679993,740.380005,740.380005,596500
2016-09-13,736.099976,746.789978,734.450012,744.150024,744.150024,583300
2016-09-14,746.280029,747.789978,738.190002,739.210022,739.210022,328300
2016-09-15,737.559998,740.530029,732.090027,739.109985,739.109985,300900
2016-09-16,737.380005,741.880005,734.219971,735.52002,735.52002,410400
2016-09-19,735.0,747.01001,734.140015,746.349976,746.349976,382100
2016-09-20,749.02002,750.77002,742.0,744.059998,744.059998,362200
2016-09-21,741.780029,755.559998,741.780029,751.450012,751.450012,592900
2016-09-22,758.580017,760.97998,740.049988,748.22998,748.22998,1029500
2016-09-23,746.049988,751.799988,737.5,744.849976,744.849976,818100
2016-09-26,743.719971,759.950012,742.390015,758.880005,758.880005,752900
2016-09-27,772.039978,783.330017,765.26001,779.609985,779.609985,794600
2016-09-28,780.0,780.0,764.590027,767.150024,767.150024,436300
2016-09-29,765.030029,771.48999,759.140015,765.76001,765.76001,385200
2016-09-30,768.119995,772.359985,762.690002,768.340027,768.340027,354100
2016-10-03,763.280029,767.030029,759.150024,760.710022,760.710022,336400
2016-10-04,762.570007,762.570007,754.469971,758.539978,758.539978,251800
2016-10-05,763.280029,764.98999,758.140015,759.440002,759.440002,278300
2016-10-06,758.169983,764.75,755.169983,761.929993,761.929993,259200
2016-10-07,766.280029,766.280029,759.030029,760.340027,760.340027,268700
2016-10-10,765.0,768.599976,762.5,764.440002,764.440002,205300
2016-10-11,764.969971,765.580017,759.429993,760.609985,760.609985,330800
2016-10-12,759.340027,766.090027,759.099976,762.219971,762.219971,328000
2016-10-13,758.719971,768.369995,756.450012,767.859985,767.859985,193900
2016-10-14,770.070007,775.359985,762.820007,763.51001,763.51001,243100
2016-10-17,760.710022,762.0,754.159973,754.950012,754.950012,465300
2016-10-18,759.0,759.0,753.320007,753.799988,753.799988,242600
2016-10-19,749.0,752.909973,734.320007,750.440002,750.440002,389800
2016-10-20,752.650024,752.650024,744.169983,746.27002,746.27002,243200
2016-10-21,744.72998,750.349976,742.0,746.97998,746.97998,415300
2016-10-24,747.840027,753.809998,747.840027,752.940002,752.940002,179300
2016-10-25,749.26001,751.969971,745.940002,750.390015,750.390015,250200
2016-10-26,750.25,753.219971,747.219971,751.559998,751.559998,183600
2016-10-27,752.200012,752.840027,725.5,726.369995,726.369995,401700
2016-10-28,727.26001,737.75,725.0,735.369995,735.369995,381100
2016-10-31,736.859985,742.51001,732.280029,742.159973,742.159973,285800
2016-11-01,742.609985,743.559998,731.599976,734.450012,734.450012,196700
2016-11-02,730.429993,742.75,730.099976,738.030029,738.030029,160200
2016-11-03,740.619995,745.01001,737.590027,738.869995,738.869995,241300
2016-11-04,742.299988,744.090027,729.0,731.650024,731.650024,349300
2016-11-07,735.809998,739.549988,730.77002,732.869995,732.869995,360100
2016-11-08,733.150024,736.940002,729.059998,731.880005,731.880005,289700
2016-11-09,721.409973,742.98999,720.450012,740.849976,740.849976,287600
2016-11-10,743.0,753.659973,740.849976,746.280029,746.280029,361200
2016-11-11,744.48999,752.0,742.159973,750.349976,750.349976,196400
2016-11-14,751.0,752.98999,727.369995,729.359985,729.359985,513900
2016-11-15,743.0,758.890015,739.570007,744.799988,744.799988,483500
2016-11-16,745.809998,754.25,741.5,751.950012,751.950012,310600
2016-11-17,750.109985,775.349976,750.109985,773.119995,773.119995,326300
2016-11-18,772.190002,773.25,752.820007,755.23999,755.23999,270500
2016-11-21,753.840027,779.530029,752.849976,777.900024,777.900024,318800
2016-11-22,780.030029,795.48999,777.929993,793.789978,793.789978,424000
2016-11-23,793.919983,806.51001,792.919983,798.049988,798.049988,477800
2016-11-25,796.150024,809.780029,795.01001,797.960022,797.960022,127800
2016-11-28,795.0,801.77002,790.830017,793.900024,793.900024,276400
2016-11-29,793.900024,798.840027,789.130005,790.23999,790.23999,256500
2016-11-30,790.659973,791.51001,779.890015,783.179993,783.179993,340500
2016-12-01,780.609985,789.039978,778.130005,780.76001,780.76001,299100
2016-12-02,783.26001,789.710022,781.01001,783.73999,783.73999,242400
2016-12-05,786.140015,787.77002,772.349976,776.419983,776.419983,391700
2016-12-06,787.0,792.460022,778.109985,779.809998,779.809998,444800
2016-12-07,789.940002,810.0,784.210022,809.869995,809.869995,501800
2016-12-08,807.52002,813.700012,802.200012,807.710022,807.710022,330000
2016-12-09,810.809998,811.590027,799.099976,803.099976,803.099976,360400
2016-12-12,802.469971,805.97998,796.570007,802.369995,802.369995,227800
2016-12-13,802.900024,808.950012,802.080017,803.0,803.0,210100
2016-12-14,800.0,804.919983,787.590027,788.960022,788.960022,236500
2016-12-15,790.539978,797.049988,786.049988,795.570007,795.570007,355500
2016-12-16,799.880005,805.090027,789.299988,794.719971,794.719971,458700
2016-12-19,794.02002,805.559998,794.02002,798.690002,798.690002,306000
2016-12-20,798.809998,808.099976,798.369995,807.320007,807.320007,184300
2016-12-21,808.51001,809.52002,802.869995,803.619995,803.619995,225700
2016-12-22,801.400024,806.77002,790.960022,799.609985,799.609985,278000
2016-12-23,797.049988,801.940002,792.799988,795.820007,795.820007,169700
2016-12-27,799.02002,805.780029,798.02002,803.570007,803.570007,210300
2016-12-28,804.219971,805.099976,794.48999,795.890015,795.890015,156600
2016-12-29,795.630005,803.960022,795.630005,798.48999,798.48999,204800
2016-12-30,800.349976,800.5,787.190002,789.789978,789.789978,246400
2017-01-03,795.580017,802.150024,784.390015,791.460022,791.460022,248800
2017-01-04,789.940002,795.880005,786.799988,793.039978,793.039978,187200
2017-01-05,788.719971,795.98999,785.01001,792.0,792.0,243200
2017-01-06,791.0,796.73999,788.26001,792.909973,792.909973,216500
2017-01-09,795.72998,795.72998,788.390015,790.340027,790.340027,127100
2017-01-10,788.719971,797.159973,788.599976,793.679993,793.679993,186400
2017-01-11,796.159973,800.0,787.690002,792.0,792.0,170900
2017-01-12,788.349976,790.969971,781.700012,790.27002,790.27002,213700
2017-01-13,787.669983,793.299988,779.809998,779.809998,779.809998,262100
2017-01-17,780.26001,787.299988,780.26001,782.289978,782.289978,278700
2017-01-18,785.539978,785.669983,772.549988,778.299988,778.299988,308000
2017-01-19,775.070007,776.47998,767.0,769.900024,769.900024,255500
2017-01-20,771.200012,775.0,764.210022,770.02002,770.02002,340400
2017-01-23,753.599976,754.099976,730.98999,739.349976,739.349976,700800
2017-01-24,742.140015,746.5,735.409973,738.429993,738.429993,354700
2017-01-25,743.429993,744.280029,734.059998,735.0,735.0,391100
2017-01-26,736.169983,739.820007,729.820007,729.890015,729.890015,361600
2017-01-27,729.549988,731.210022,723.450012,730.0,730.0,320700
2017-01-30,728.450012,731.919983,723.340027,724.409973,724.409973,339600
2017-01-31,725.640015,726.549988,718.070007,724.97998,724.97998,1938800
2017-02-01,728.73999,729.559998,713.090027,714.98999,714.98999,394200
2017-02-02,714.23999,726.380005,713.440002,725.429993,725.429993,457200
2017-02-03,724.929993,731.590027,722.659973,724.719971,724.719971,318800
2017-02-06,723.640015,728.97998,720.059998,720.48999,720.48999,299900
2017-02-07,721.150024,726.47998,716.419983,721.659973,721.659973,349700
2017-02-08,720.5,743.140015,717.52002,741.059998,741.059998,566500
2017-02-09,741.059998,749.01001,739.349976,745.940002,745.940002,444600
2017-02-10,751.609985,751.609985,738.200012,740.650024,740.650024,236400
2017-02-13,741.0,741.0,733.190002,736.090027,736.090027,173900
2017-02-14,735.0,739.380005,732.099976,735.789978,735.789978,267500
2017-02-15,735.0,741.359985,734.140015,739.5,739.5,228400
2017-02-16,743.190002,744.890015,733.799988,737.359985,737.359985,264800
2017-02-17,737.659973,741.780029,734.140015,741.049988,741.049988,231300
2017-02-21,745.0,749.98999,736.710022,740.659973,740.659973,319700
2017-02-22,743.440002,744.909973,731.02002,735.330017,735.330017,316600
2017-02-23,734.070007,734.960022,726.119995,727.219971,727.219971,347100
2017-02-24,727.0,734.710022,723.330017,732.75,732.75,257000
2017-02-27,733.76001,740.849976,730.869995,740.849976,740.849976,536900
2017-02-28,732.640015,752.98999,732.289978,736.549988,736.549988,603200
2017-03-01,740.01001,748.909973,736.02002,738.969971,738.969971,649200
2017-03-02,739.849976,739.849976,730.440002,733.530029,733.530029,275700
2017-03-03,731.72998,734.030029,720.200012,725.23999,725.23999,483700
2017-03-06,728.0,728.0,720.840027,723.909973,723.909973,302600
2017-03-07,721.859985,726.299988,711.0,712.719971,712.719971,495300
2017-03-08,711.119995,719.820007,705.299988,717.669983,717.669983,417600
2017-03-09,718.049988,721.320007,714.559998,715.929993,715.929993,334500
2017-03-10,717.570007,720.929993,713.97998,717.030029,717.030029,276500
2017-03-13,716.0,730.530029,712.780029,728.549988,728.549988,367600
2017-03-14,728.219971,731.5,724.440002,728.98999,728.98999,250600
2017-03-15,729.150024,729.349976,711.330017,716.289978,716.289978,559600
2017-03-16,713.909973,721.960022,713.299988,721.849976,721.849976,270700
2017-03-17,723.119995,732.090027,723.119995,730.77002,730.77002,474200
2017-03-20,730.26001,735.0,726.789978,729.789978,729.789978,298800
2017-03-21,731.02002,732.429993,723.669983,725.210022,725.210022,317900
2017-03-22,729.73999,731.890015,723.390015,725.349976,725.349976,281900
2017-03-23,724.179993,730.289978,719.48999,725.5,725.5,260700
2017-03-24,725.559998,727.330017,719.25,721.159973,721.159973,187100
2017-03-27,716.5,719.140015,712.340027,714.159973,714.159973,367800
2017-03-28,712.51001,717.02002,706.280029,716.98999,716.98999,386000
2017-03-29,717.210022,724.0,716.659973,722.460022,722.460022,267900
2017-03-30,722.0,723.169983,711.219971,719.080017,719.080017,334900
2017-03-31,718.280029,727.0,716.950012,723.049988,723.049988,300800
2017-04-03,720.5,721.469971,695.159973,700.690002,700.690002,796600
2017-04-04,700.0,705.659973,692.900024,696.669983,696.669983,499800
2017-04-05,699.0,709.460022,697.299988,703.030029,703.030029,408800
2017-04-06,705.22998,707.159973,700.0,702.289978,702.289978,235200
2017-04-07,702.590027,706.409973,699.650024,700.440002,700.440002,265400
2017-04-10,700.52002,707.450012,700.52002,703.640015,703.640015,260200
2017-04-11,702.72998,702.72998,698.01001,700.590027,700.590027,193600
2017-04-12,696.159973,700.570007,692.340027,693.340027,693.340027,265000
2017-04-13,693.679993,697.919983,688.460022,688.460022,688.460022,198200
2017-04-17,692.330017,692.940002,686.549988,687.609985,687.609985,218000
2017-04-18,685.349976,691.580017,684.47998,689.070007,689.070007,261900
2017-04-19,693.330017,711.349976,693.330017,697.570007,697.570007,457500
2017-04-20,699.640015,708.299988,697.390015,706.299988,706.299988,296800
2017-04-21,706.080017,713.349976,705.890015,707.789978,707.789978,343800
2017-04-24,713.22998,722.690002,711.169983,722.450012,722.450012,367100
2017-04-25,723.98999,724.900024,711.25,712.059998,712.059998,353300
2017-04-26,713.820007,719.799988,709.849976,715.119995,715.119995,443400
2017-04-27,713.869995,727.150024,692.5,703.900024,703.900024,635900
2017-04-28,700.51001,703.25,688.02002,692.190002,692.190002,527300
2017-05-01,696.400024,697.830017,680.0,682.98999,682.98999,362400
2017-05-02,683.27002,689.76001,680.140015,688.940002,688.940002,362900
2017-05-03,689.320007,698.390015,685.450012,697.179993,697.179993,324400
2017-05-04,696.400024,706.570007,696.400024,704.580017,704.580017,294100
2017-05-05,705.419983,707.5,700.609985,705.309998,705.309998,281300
2017-05-08,703.27002,711.0,703.27002,709.97998,709.97998,202400
2017-05-09,711.700012,711.700012,702.419983,707.049988,707.049988,262500
2017-05-10,703.559998,703.559998,693.280029,698.030029,698.030029,378500
2017-05-11,691.0,696.690002,683.26001,693.849976,693.849976,331600
2017-05-12,689.97998,691.919983,680.059998,680.719971,680.719971,304400
2017-05-15,681.159973,693.27002,679.25,681.01001,681.01001,464500
2017-05-16,680.039978,680.039978,668.289978,669.830017,669.830017,462600
2017-05-17,669.830017,672.369995,658.390015,664.049988,664.049988,545700
2017-05-18,665.070007,677.289978,664.320007,673.789978,673.789978,334800
2017-05-19,675.320007,677.469971,667.52002,673.650024,673.650024,542000
2017-05-22,671.0,672.549988,657.98999,659.48999,659.48999,594300
2017-05-23,607.01001,612.98999,579.609985,581.400024,581.400024,2949700
2017-05-24,581.179993,598.75,573.799988,590.98999,590.98999,1580100
2017-05-25,594.969971,609.849976,593.890015,607.340027,607.340027,846300
2017-05-26,605.0,618.0,605.0,615.619995,615.619995,785100
2017-05-30,621.799988,623.969971,611.52002,612.97998,612.97998,595400
2017-05-31,613.830017,616.419983,601.5,605.919983,605.919983,884500
2017-06-01,606.109985,625.559998,603.109985,623.97998,623.97998,639100
2017-06-02,622.900024,623.75,613.119995,621.700012,621.700012,495800
2017-06-05,619.179993,622.77002,612.469971,617.070007,617.070007,536300
2017-06-06,617.090027,617.090027,603.0,603.880005,603.880005,464000
2017-06-07,604.890015,612.929993,604.049988,606.77002,606.77002,451400
2017-06-08,606.77002,610.0,596.72998,598.960022,598.960022,477300
2017-06-09,598.909973,607.669983,594.590027,606.359985,606.359985,537900
2017-06-12,606.52002,621.190002,606.52002,612.02002,612.02002,517300
2017-06-13,613.299988,617.75,607.01001,612.080017,612.080017,324900
2017-06-14,610.26001,613.419983,605.179993,608.380005,608.380005,346900
2017-06-15,603.950012,616.76001,603.179993,613.01001,613.01001,455000
2017-06-16,609.72998,610.450012,590.469971,593.809998,593.809998,639000
2017-06-19,597.530029,598.609985,587.47998,596.859985,596.859985,419300
2017-06-20,590.890015,591.940002,580.02002,585.200012,585.200012,561300
2017-06-21,585.5,587.190002,568.070007,574.01001,574.01001,711100
2017-06-22,572.549988,582.130005,566.630005,579.630005,579.630005,702700
2017-06-23,579.5,581.619995,567.900024,574.97998,574.97998,632600
2017-06-26,575.940002,585.52002,574.080017,579.609985,579.609985,295800
2017-06-27,577.539978,588.73999,576.0,578.77002,578.77002,282000
2017-06-28,576.119995,580.030029,568.849976,569.02002,569.02002,514200
2017-06-29,571.440002,572.0,557.77002,559.669983,559.669983,662700
2017-06-30,562.530029,571.710022,560.22998,570.460022,570.460022,464900
2017-07-03,570.849976,575.679993,568.059998,571.710022,571.710022,227600
2017-07-05,530.299988,543.390015,514.469971,516.830017,516.830017,1858100
2017-07-06,514.01001,524.369995,503.0,507.480011,507.480011,900800
2017-07-07,503.0,504.890015,498.5,501.390015,501.390015,705200
2017-07-10,503.0,512.76001,501.339996,507.540009,507.540009,722500
2017-07-11,508.0,509.399994,499.570007,499.570007,499.570007,671400
2017-07-12,501.970001,506.589996,492.019989,493.149994,493.149994,693400
2017-07-13,492.959991,510.73999,492.029999,506.809998,506.809998,615800
2017-07-14,507.529999,510.970001,498.140015,506.309998,506.309998,545800
2017-07-17,502.890015,512.52002,501.480011,503.660004,503.660004,437400
2017-07-18,504.01001,504.73999,494.579987,495.690002,495.690002,595100
2017-07-19,497.079987,500.369995,491.899994,493.440002,493.440002,447400
2017-07-20,495.5,506.589996,491.130005,502.559998,502.559998,489300
2017-07-21,499.200012,512.900024,497.839996,511.459991,511.459991,651300
2017-07-24,509.459991,514.039978,498.23999,498.25,498.25,448100
2017-07-25,501.470001,511.329987,498.529999,511.01001,511.01001,341700
2017-07-26,511.339996,517.22998,505.769989,515.969971,515.969971,396900
2017-07-27,520.02002,530.919983,517.919983,529.01001,529.01001,708300
2017-07-28,529.400024,531.98999,522.330017,526.919983,526.919983,680100
2017-07-31,528.049988,541.73999,523.080017,539.820007,539.820007,623700
2017-08-01,542.619995,548.890015,538.460022,547.859985,547.859985,472600
2017-08-02,545.570007,552.380005,542.5,542.890015,542.890015,581700
2017-08-03,540.549988,543.719971,528.539978,529.289978,529.289978,389400
2017-08-04,530.0,537.809998,530.0,536.820007,536.820007,259600
2017-08-07,537.789978,544.200012,532.650024,541.659973,541.659973,315100
2017-08-08,547.580017,547.710022,530.349976,530.969971,530.969971,302500
2017-08-09,526.72998,533.469971,522.840027,533.159973,533.159973,409500
2017-08-10,530.830017,533.450012,525.26001,525.52002,525.52002,301800
2017-08-11,525.0,535.570007,525.0,533.940002,533.940002,373100
2017-08-14,537.539978,537.539978,523.039978,525.320007,525.320007,469600
2017-08-15,501.540009,519.0,497.290009,516.130005,516.130005,819100
2017-08-16,520.0,528.23999,517.330017,524.590027,524.590027,542200
2017-08-17,524.960022,529.909973,511.269989,515.559998,515.559998,478100
2017-08-18,513.200012,513.200012,499.100006,510.190002,510.190002,870400
2017-08-21,510.630005,519.390015,504.959991,517.51001,517.51001,361900
2017-08-22,519.140015,521.590027,514.72998,519.130005,519.130005,262300
2017-08-23,517.570007,521.27002,508.040009,513.340027,513.340027,291800
2017-08-24,513.669983,518.789978,511.01001,511.630005,511.630005,416700
2017-08-25,515.619995,536.830017,515.23999,528.950012,528.950012,630300
2017-08-28,529.75,530.0,521.450012,525.400024,525.400024,279700
2017-08-29,520.679993,525.98999,519.409973,522.380005,522.380005,265300
2017-08-30,522.48999,533.75,520.47998,529.530029,529.530029,293200
2017-08-31,529.659973,534.599976,527.859985,528.440002,528.440002,376300
2017-09-01,531.200012,540.51001,531.200012,538.77002,538.77002,338800
2017-09-05,541.359985,549.460022,537.710022,540.0,540.0,502100
2017-09-06,543.570007,544.97998,537.51001,540.650024,540.650024,350700
2017-09-07,540.5,543.27002,535.099976,541.159973,541.159973,287000
2017-09-08,541.22998,544.429993,537.359985,540.51001,540.51001,331400
2017-09-11,542.48999,543.929993,535.960022,540.320007,540.320007,257600
2017-09-12,538.469971,557.200012,536.710022,551.549988,551.549988,432300
2017-09-13,551.25,571.150024,551.25,569.340027,569.340027,802900
2017-09-14,570.0,570.330017,562.969971,563.559998,563.559998,637300
2017-09-15,564.97998,575.460022,564.349976,569.890015,569.890015,693600
2017-09-18,571.460022,574.969971,563.400024,563.400024,563.400024,897500
2017-09-19,567.0,583.890015,533.400024,535.190002,535.190002,2031400
2017-09-20,533.77002,550.849976,533.0,543.580017,543.580017,673200
2017-09-21,542.400024,555.0,541.0,553.48999,553.48999,659200
2017-09-22,553.48999,575.390015,553.48999,574.030029,574.030029,729300
2017-09-25,574.690002,588.97998,574.039978,583.47998,583.47998,680300
2017-09-26,585.869995,588.580017,578.630005,587.130005,587.130005,409000
2017-09-27,588.869995,590.25,582.400024,588.280029,588.280029,304800
2017-09-28,583.049988,589.97998,578.359985,587.289978,587.289978,503800
2017-09-29,588.77002,596.02002,585.109985,595.109985,595.109985,456800
2017-10-02,595.650024,599.539978,590.359985,597.619995,597.619995,319100
2017-10-03,599.530029,601.289978,592.799988,599.549988,599.549988,317800
2017-10-04,599.950012,601.150024,589.330017,595.23999,595.23999,337400
2017-10-05,591.159973,601.049988,591.02002,599.830017,599.830017,296400
2017-10-06,599.820007,603.73999,597.840027,601.48999,601.48999,250000
2017-10-09,601.039978,601.960022,591.48999,592.039978,592.039978,198300
2017-10-10,592.01001,595.940002,586.419983,587.570007,587.570007,339400
2017-10-11,587.549988,590.0,579.359985,588.559998,588.559998,356500
2017-10-12,587.690002,593.359985,581.460022,589.75,589.75,233200
2017-10-13,590.090027,600.289978,587.0,599.159973,599.159973,294500
2017-10-16,599.299988,603.73999,594.179993,598.549988,598.549988,271400
2017-10-17,600.0,609.619995,598.650024,607.869995,607.869995,388700
2017-10-18,608.799988,610.780029,603.869995,606.309998,606.309998,308600
2017-10-19,602.0,603.289978,588.73999,595.27002,595.27002,578800
2017-10-20,597.679993,598.309998,588.73999,590.059998,590.059998,372100
2017-10-23,592.460022,594.289978,586.780029,589.0,589.0,283200
2017-10-24,587.969971,590.929993,576.919983,585.830017,585.830017,422100
2017-10-25,586.049988,587.880005,578.0,587.400024,587.400024,280100
2017-10-26,575.799988,596.650024,560.820007,590.890015,590.890015,1417300
2017-10-27,589.369995,592.900024,577.909973,583.169983,583.169983,490700
2017-10-30,583.27002,591.539978,581.219971,590.150024,590.150024,380100
2017-10-31,591.25,593.429993,587.700012,589.5,589.5,189000
2017-11-01,592.940002,594.830017,579.599976,584.880005,584.880005,357000
2017-11-02,583.52002,603.409973,576.130005,602.700012,602.700012,420400
2017-11-03,601.119995,611.429993,597.73999,606.409973,606.409973,372700
2017-11-06,605.909973,613.0,602.059998,607.0,607.0,285200
2017-11-07,606.200012,609.880005,598.840027,603.559998,603.559998,215500
2017-11-08,603.320007,609.400024,595.440002,596.030029,596.030029,292200
2017-11-09,595.919983,606.77002,591.51001,605.969971,605.969971,437100
2017-11-10,604.219971,607.789978,594.780029,598.059998,598.059998,447800
2017-11-13,598.179993,600.559998,588.559998,595.26001,595.26001,360000
2017-11-14,602.150024,633.23999,602.150024,607.630005,607.630005,692400
2017-11-15,601.330017,611.5,601.330017,609.140015,609.140015,356300
2017-11-16,609.23999,619.75,606.570007,618.590027,618.590027,285400
2017-11-17,622.280029,630.830017,618.109985,629.429993,629.429993,384200
2017-11-20,628.780029,637.390015,624.940002,634.650024,634.650024,490300
2017-11-21,633.47998,633.47998,625.47998,632.400024,632.400024,505400
2017-11-22,633.0,642.080017,633.0,638.23999,638.23999,421600
2017-11-24,641.919983,641.919983,629.690002,632.97998,632.97998,123900
2017-11-27,634.049988,644.830017,633.51001,637.950012,637.950012,349900
2017-11-28,641.22998,665.909973,636.950012,664.219971,664.219971,754700
2017-11-29,666.23999,703.400024,665.849976,688.919983,688.919983,1076300
2017-11-30,688.919983,703.51001,685.140015,686.76001,686.76001,551800
2017-12-01,690.0,691.200012,672.0,678.400024,678.400024,383300
2017-12-04,687.369995,712.469971,685.210022,709.77002,709.77002,852500
2017-12-05,747.0,763.299988,703.599976,712.76001,712.76001,1225500
2017-12-06,705.630005,711.76001,696.940002,698.650024,698.650024,492900
2017-12-07,701.460022,704.090027,693.75,702.340027,702.340027,417300
2017-12-08,702.789978,723.429993,701.289978,721.890015,721.890015,546900
2017-12-11,719.590027,720.799988,705.780029,708.609985,708.609985,501900
2017-12-12,710.859985,717.669983,706.700012,711.049988,711.049988,447000
2017-12-13,715.349976,716.340027,703.140015,708.210022,708.210022,303200
2017-12-14,709.320007,709.320007,694.73999,701.22998,701.22998,522100
2017-12-15,702.23999,709.049988,696.640015,697.059998,697.059998,591500
2017-12-18,703.909973,708.450012,696.140015,704.400024,704.400024,428200
2017-12-19,703.47998,708.700012,697.429993,701.01001,701.01001,584200
2017-12-20,706.690002,708.869995,694.599976,700.900024,700.900024,674800
2017-12-21,701.0,708.0,699.640015,705.909973,705.909973,401300
2017-12-22,704.830017,713.580017,699.01001,710.090027,710.090027,283100
2017-12-26,710.950012,717.570007,710.950012,714.47998,714.47998,180200
2017-12-27,714.190002,715.570007,706.0,707.0,707.0,275100
2017-12-28,709.5,719.059998,709.119995,718.380005,718.380005,277900
2017-12-29,718.380005,719.690002,709.330017,711.369995,711.369995,289000
2018-01-02,716.539978,746.539978,714.450012,736.539978,736.539978,558700
2018-01-03,740.130005,760.0,736.76001,749.429993,749.429993,597400
2018-01-04,759.890015,769.179993,751.219971,761.26001,761.26001,641000
2018-01-05,767.380005,780.539978,764.719971,775.5,775.5,483000
2018-01-08,775.159973,782.429993,761.780029,766.47998,766.47998,430900
2018-01-09,767.919983,772.919983,761.48999,770.950012,770.950012,385800
2018-01-10,768.190002,772.619995,763.190002,767.780029,767.780029,372500
2018-01-11,769.809998,774.719971,757.77002,773.309998,773.309998,591000
2018-01-12,773.450012,789.780029,769.320007,787.929993,787.929993,456300
2018-01-16,789.039978,791.640015,774.27002,781.02002,781.02002,345100
2018-01-17,781.080017,791.200012,776.539978,788.059998,788.059998,293600
2018-01-18,790.0,790.0,778.27002,784.789978,784.789978,297600
2018-01-19,789.119995,797.890015,785.460022,793.799988,793.799988,306100
2018-01-22,792.539978,792.539978,772.98999,788.700012,788.700012,532900
2018-01-23,789.570007,789.570007,775.0,786.369995,786.369995,323800
2018-01-24,787.840027,794.97998,780.0,793.359985,793.359985,264300
2018-01-25,792.73999,792.73999,781.48999,786.299988,786.299988,367200
2018-01-26,787.0,796.950012,785.090027,796.950012,796.950012,248800
2018-01-29,792.429993,796.72998,784.52002,786.710022,786.710022,214900
2018-01-30,782.049988,785.570007,771.549988,776.669983,776.669983,326000
2018-01-31,777.679993,786.869995,761.530029,765.440002,765.440002,407900
2018-02-01,761.320007,770.890015,756.409973,764.380005,764.380005,321600
2018-02-02,763.369995,771.130005,748.710022,750.580017,750.580017,338600
2018-02-05,747.0,763.77002,730.47998,731.590027,731.590027,551100
2018-02-06,720.099976,753.97998,710.049988,745.070007,745.070007,513300
2018-02-07,742.140015,753.72998,726.400024,728.330017,728.330017,412200
2018-02-08,732.72998,752.25,718.570007,718.570007,718.570007,666300
2018-02-09,723.849976,729.47998,680.22998,723.5,723.5,895000
2018-02-12,725.549988,739.679993,718.919983,730.200012,730.200012,450300
2018-02-13,728.359985,728.359985,707.140015,711.880005,711.880005,372900
2018-02-14,708.219971,729.469971,704.640015,720.840027,720.840027,352300
2018-02-15,726.72998,728.640015,714.619995,724.599976,724.599976,375000
2018-02-16,725.77002,728.669983,707.719971,714.049988,714.049988,359900
2018-02-20,710.0,728.710022,707.900024,713.22998,713.22998,309300
2018-02-21,731.599976,750.450012,717.52002,719.48999,719.48999,487900
2018-02-22,721.460022,728.359985,713.580017,716.880005,716.880005,246700
2018-02-23,720.950012,726.049988,720.200012,725.0,725.0,258500
2018-02-26,730.0,735.900024,717.359985,735.900024,735.900024,509800
2018-02-27,708.549988,710.590027,646.0,654.469971,654.469971,1871700
2018-02-28,658.400024,687.909973,650.599976,664.719971,664.719971,1085700
2018-03-01,664.820007,669.0,650.059998,662.0,662.0,617700
2018-03-02,654.340027,666.609985,645.140015,662.859985,662.859985,619000
2018-03-05,657.719971,662.849976,650.140015,655.75,655.75,444200
2018-03-06,656.5,664.919983,651.099976,664.719971,664.719971,443100
2018-03-07,656.719971,662.960022,651.859985,656.77002,656.77002,338600
2018-03-08,657.320007,658.840027,649.820007,654.599976,654.599976,301400
2018-03-09,656.0,662.48999,649.349976,659.400024,659.400024,388700
2018-03-12,660.099976,660.099976,645.0,653.26001,653.26001,550100
2018-03-13,653.849976,658.080017,648.169983,650.090027,650.090027,375400
2018-03-14,651.169983,654.169983,645.799988,649.299988,649.299988,462000
2018-03-15,652.549988,652.549988,646.869995,648.929993,648.929993,355900
2018-03-16,649.450012,654.280029,647.400024,648.48999,648.48999,428500
2018-03-19,647.909973,653.830017,643.219971,651.47998,651.47998,593600
2018-03-20,652.0,653.22998,648.400024,649.01001,649.01001,361400
2018-03-21,653.330017,661.200012,647.0,648.119995,648.119995,389800
2018-03-22,646.320007,654.130005,642.650024,643.369995,643.369995,519900
2018-03-23,646.01001,649.320007,635.409973,637.02002,637.02002,389800
2018-03-26,645.469971,647.52002,633.440002,638.460022,638.460022,415100
2018-03-27,642.0,642.330017,631.02002,634.52002,634.52002,461600
2018-03-28,636.0,655.070007,632.190002,637.25,637.25,339300
2018-03-29,642.039978,649.909973,641.619995,648.690002,648.690002,317500
2018-04-02,642.059998,646.150024,606.549988,613.150024,613.150024,541600
2018-04-03,618.880005,624.349976,613.200012,619.22998,619.22998,288300
2018-04-04,611.690002,629.289978,611.690002,628.650024,628.650024,298400
2018-04-05,643.369995,645.359985,631.159973,637.380005,637.380005,253400
2018-04-06,633.5,635.909973,613.450012,620.359985,620.359985,361200
2018-04-09,624.919983,628.119995,613.309998,615.099976,615.099976,352600
2018-04-10,623.23999,623.23999,616.030029,616.679993,616.679993,342200
2018-04-11,613.98999,621.039978,612.25,615.960022,615.960022,189700
2018-04-12,618.299988,621.539978,612.51001,616.51001,616.51001,237500
2018-04-13,617.969971,619.419983,603.97998,606.830017,606.830017,321800
2018-04-16,609.950012,613.549988,602.77002,604.359985,604.359985,280900
2018-04-17,608.789978,608.789978,600.27002,605.359985,605.359985,295900
2018-04-18,607.5,615.150024,605.280029,608.530029,608.530029,313500
2018-04-19,607.5,609.309998,596.97998,603.820007,603.820007,303000
2018-04-20,605.780029,605.780029,590.76001,595.840027,595.840027,557000
2018-04-23,596.039978,602.349976,595.289978,599.469971,599.469971,247600
2018-04-24,604.359985,613.72998,599.150024,602.719971,602.719971,282800
2018-04-25,601.02002,612.859985,601.02002,610.570007,610.570007,419600
2018-04-26,641.0,650.950012,613.419983,619.289978,619.289978,703400
2018-04-27,619.049988,630.299988,610.97998,628.669983,628.669983,279500
2018-04-30,629.72998,632.900024,623.549988,624.52002,624.52002,264200
2018-05-01,623.580017,633.049988,616.150024,632.159973,632.159973,346700
2018-05-02,630.099976,637.679993,624.650024,630.179993,630.179993,259100
2018-05-03,631.679993,641.679993,626.47998,636.849976,636.849976,307100
2018-05-04,635.210022,658.52002,635.210022,649.940002,649.940002,454700
2018-05-07,656.01001,658.0,645.130005,648.849976,648.849976,306000
2018-05-08,647.419983,658.900024,644.219971,655.169983,655.169983,251400
2018-05-09,655.98999,660.0,637.159973,658.330017,658.330017,365100
2018-05-10,660.460022,663.22998,653.580017,658.52002,658.52002,208800
2018-05-11,658.809998,664.640015,656.0,660.859985,660.859985,267300
2018-05-14,660.219971,669.51001,660.219971,666.02002,666.02002,267700
2018-05-15,661.210022,666.97998,651.01001,654.159973,654.159973,337100
2018-05-16,655.900024,664.849976,646.440002,647.929993,647.929993,328400
2018-05-17,647.630005,650.890015,643.409973,646.299988,646.299988,329400
2018-05-18,647.059998,653.51001,642.909973,652.640015,652.640015,384500
2018-05-21,655.0,666.640015,652.109985,665.090027,665.090027,481700
2018-05-22,700.0,710.0,601.530029,602.0,602.0,1889800
2018-05-23,597.179993,622.450012,597.0,622.090027,622.090027,914000
2018-05-24,621.070007,638.599976,615.130005,636.98999,636.98999,513400
2018-05-25,634.070007,639.5,630.080017,633.700012,633.700012,397200
2018-05-29,627.0,632.659973,622.429993,629.320007,629.320007,406400
2018-05-30,632.390015,655.52002,628.289978,653.780029,653.780029,433600
2018-05-31,654.900024,654.900024,646.070007,649.320007,649.320007,357300
2018-06-01,654.219971,661.22998,648.280029,653.119995,653.119995,344400
2018-06-04,653.5,661.0,653.190002,660.450012,660.450012,231000
2018-06-05,659.539978,661.140015,653.130005,654.140015,654.140015,230600
2018-06-06,657.590027,659.169983,652.580017,656.140015,656.140015,300800
2018-06-07,657.299988,669.140015,657.299988,664.809998,664.809998,305900
2018-06-08,663.299988,674.820007,661.98999,674.390015,674.390015,307600
2018-06-11,677.940002,695.22998,674.75,690.01001,690.01001,460300
2018-06-12,692.76001,694.97998,684.469971,687.539978,687.539978,226900
2018-06-13,686.950012,688.969971,681.539978,682.830017,682.830017,212600
2018-06-14,684.590027,693.919983,682.530029,682.98999,682.98999,295000
2018-06-15,681.25,695.059998,680.969971,693.369995,693.369995,436800
2018-06-18,687.539978,693.429993,684.460022,686.969971,686.969971,687600
2018-06-19,685.400024,688.679993,680.179993,686.48999,686.48999,386900
2018-06-20,696.400024,698.400024,687.5,690.059998,690.059998,252200
2018-06-21,689.619995,693.880005,684.75,688.5,688.5,272800
2018-06-22,694.0,695.909973,682.840027,685.97998,685.97998,267200
2018-06-25,679.919983,689.400024,668.710022,678.460022,678.460022,317800
2018-06-26,678.640015,681.580017,669.52002,675.349976,675.349976,267200
2018-06-27,681.0,682.5,667.51001,669.219971,669.219971,233400
2018-06-28,669.820007,687.390015,663.700012,678.440002,678.440002,250800
2018-06-29,678.880005,681.0,670.440002,670.929993,670.929993,230900
2018-07-02,664.960022,669.580017,662.169983,667.809998,667.809998,317000
2018-07-03,671.289978,684.580017,670.840027,673.51001,673.51001,143400
2018-07-05,674.039978,676.559998,665.450012,675.940002,675.940002,144100
2018-07-06,677.109985,683.799988,673.840027,681.859985,681.859985,145700
2018-07-09,683.119995,692.280029,681.98999,690.619995,690.619995,218000
2018-07-10,690.340027,693.52002,685.409973,692.679993,692.679993,176900
2018-07-11,685.5,685.5,676.469971,681.460022,681.460022,278600
2018-07-12,686.02002,687.659973,678.659973,686.97998,686.97998,169300
2018-07-13,685.820007,694.369995,685.820007,686.969971,686.969971,208800
2018-07-16,686.900024,694.119995,680.400024,692.780029,692.780029,178900
2018-07-17,690.840027,702.780029,690.059998,699.940002,699.940002,194700
2018-07-18,699.950012,699.950012,689.940002,694.0,694.0,203300
2018-07-19,694.640015,720.52002,694.640015,716.169983,716.169983,331200
2018-07-20,713.72998,717.48999,710.469971,714.349976,714.349976,326200
2018-07-23,713.369995,720.890015,713.369995,714.780029,714.780029,219100
2018-07-24,717.900024,718.799988,702.119995,705.289978,705.289978,213000
2018-07-25,705.02002,707.030029,698.26001,705.719971,705.719971,272500
2018-07-26,709.090027,724.539978,703.450012,711.140015,711.140015,231300
2018-07-27,712.799988,712.799988,693.150024,699.780029,699.780029,249300
2018-07-30,696.820007,702.0,692.210022,698.460022,698.460022,190500
2018-07-31,699.140015,707.030029,694.309998,705.530029,705.530029,183600
2018-08-01,708.23999,711.659973,699.469971,701.299988,701.299988,250200
2018-08-02,700.909973,719.349976,698.330017,719.080017,719.080017,198700
2018-08-03,718.25,723.200012,713.440002,721.380005,721.380005,225400
2018-08-06,719.570007,728.150024,715.619995,725.380005,725.380005,225800
2018-08-07,728.47998,731.280029,722.830017,729.909973,729.909973,172700
2018-08-08,731.590027,738.099976,728.419983,732.789978,732.789978,171200
2018-08-09,733.590027,739.48999,726.47998,736.289978,736.289978,176300
2018-08-10,734.849976,741.099976,722.0,738.960022,738.960022,253000
2018-08-13,739.5,741.75,728.429993,729.409973,729.409973,199300
2018-08-14,740.02002,767.960022,740.02002,754.869995,754.869995,380000
2018-08-15,756.0,762.289978,746.619995,752.01001,752.01001,309800
2018-08-16,757.299988,767.820007,748.530029,762.73999,762.73999,303600
2018-08-17,764.700012,767.690002,761.880005,765.340027,765.340027,141400
2018-08-20,768.01001,775.450012,759.450012,766.859985,766.859985,172400
2018-08-21,768.52002,771.26001,760.98999,767.0,767.0,148400
2018-08-22,765.460022,770.080017,756.650024,758.76001,758.76001,189500
2018-08-23,761.640015,772.840027,761.539978,771.369995,771.369995,264700
2018-08-24,770.940002,771.900024,765.0,770.52002,770.52002,107000
2018-08-27,773.080017,773.080017,765.48999,767.940002,767.940002,190100
2018-08-28,769.0,769.01001,759.700012,766.119995,766.119995,230100
2018-08-29,765.530029,773.02002,759.630005,769.640015,769.640015,217600
2018-08-30,765.349976,768.169983,759.73999,760.890015,760.890015,185600
2018-08-31,757.51001,769.169983,757.51001,766.880005,766.880005,199000
2018-09-04,766.150024,783.049988,763.469971,783.0,783.0,248700
2018-09-05,781.51001,784.0,768.419983,772.429993,772.429993,219100
2018-09-06,773.809998,778.549988,765.059998,771.659973,771.659973,209100
2018-09-07,773.950012,782.98999,765.27002,772.530029,772.530029,271600
2018-09-10,777.280029,777.400024,760.02002,764.97998,764.97998,296900
2018-09-11,762.330017,771.02002,759.119995,764.320007,764.320007,264800
2018-09-12,761.890015,768.27002,757.219971,764.02002,764.02002,304400
2018-09-13,765.190002,765.570007,753.590027,765.299988,765.299988,423200
2018-09-14,765.299988,765.299988,746.789978,749.200012,749.200012,452600
2018-09-17,747.710022,762.429993,742.210022,747.52002,747.52002,464500
2018-09-18,710.0,736.789978,707.950012,732.76001,732.76001,651000
2018-09-19,739.0,754.669983,735.0,754.280029,754.280029,373600
2018-09-20,753.650024,762.900024,747.380005,761.909973,761.909973,397400
2018-09-21,764.47998,770.0,760.469971,769.869995,769.869995,486900
2018-09-24,770.609985,772.539978,760.840027,765.0,765.0,289400
2018-09-25,766.200012,775.48999,762.349976,772.799988,772.799988,275900
2018-09-26,775.26001,787.0,771.609985,778.0,778.0,257100
2018-09-27,781.830017,788.299988,772.0,779.780029,779.780029,368500
2018-09-28,779.409973,786.0,772.549988,775.700012,775.700012,264200
2018-10-01,776.47998,779.200012,768.890015,770.349976,770.349976,226800
2018-10-02,769.539978,773.099976,756.599976,762.820007,762.820007,256700
2018-10-03,759.950012,767.0,755.630005,763.690002,763.690002,263100
2018-10-04,761.179993,765.049988,756.700012,763.900024,763.900024,230000
2018-10-05,766.0,772.890015,759.309998,771.299988,771.299988,233400
2018-10-08,767.840027,793.73999,767.130005,788.469971,788.469971,319000
2018-10-09,787.570007,794.679993,781.890015,782.590027,782.590027,267300
2018-10-10,784.340027,792.0,776.75,778.169983,778.169983,301300
2018-10-11,775.0,792.429993,761.98999,769.01001,769.01001,472700
2018-10-12,773.659973,777.960022,764.190002,774.960022,774.960022,343000
2018-10-15,778.26001,792.099976,772.950012,787.0,787.0,380000
2018-10-16,782.900024,782.900024,750.02002,773.51001,773.51001,448500
2018-10-17,771.02002,771.02002,705.01001,714.710022,714.710022,943200
2018-10-18,719.590027,734.049988,707.289978,730.030029,730.030029,558400
2018-10-19,732.390015,737.929993,724.280029,725.799988,725.799988,362400
2018-10-22,726.219971,740.0,724.409973,736.280029,736.280029,274800
2018-10-23,726.72998,738.619995,716.359985,734.340027,734.340027,327500
2018-10-24,732.159973,752.080017,725.969971,728.219971,728.219971,333400
2018-10-25,728.75,753.76001,728.75,740.0,740.0,507400
2018-10-26,734.130005,747.73999,729.789978,743.570007,743.570007,367200
2018-10-29,752.809998,756.320007,738.440002,747.049988,747.049988,281700
2018-10-30,748.960022,755.789978,741.679993,747.400024,747.400024,292600
2018-10-31,753.320007,753.320007,732.940002,733.469971,733.469971,356700
2018-11-01,734.340027,745.869995,731.169983,745.869995,745.869995,239300
2018-11-02,747.280029,760.900024,746.969971,760.48999,760.48999,252500
2018-11-05,760.400024,768.590027,757.26001,766.349976,766.349976,181700
2018-11-06,771.909973,783.02002,771.909973,781.02002,781.02002,259800
2018-11-07,782.599976,792.900024,775.609985,790.5,790.5,186000
2018-11-08,791.25,802.219971,785.109985,798.940002,798.940002,289200
2018-11-09,799.049988,800.0,791.169983,793.869995,793.869995,341300
2018-11-12,795.049988,802.0,790.070007,792.599976,792.599976,260600
2018-11-13,805.0,819.049988,796.0,813.47998,813.47998,315000
2018-11-14,813.26001,832.299988,813.26001,823.299988,823.299988,377900
2018-11-15,823.299988,823.299988,801.130005,810.039978,810.039978,428500
2018-11-16,807.159973,832.669983,802.409973,827.98999,827.98999,363500
2018-11-19,829.900024,839.380005,827.419983,829.349976,829.349976,320100
2018-11-20,813.659973,822.609985,793.059998,793.109985,793.109985,460200
2018-11-21,801.0,822.01001,799.369995,819.210022,819.210022,259300
2018-11-23,815.219971,832.140015,815.219971,827.530029,827.530029,136000
2018-11-26,835.400024,842.099976,818.359985,820.0,820.0,431000
2018-11-27,820.0,837.159973,819.97998,835.22998,835.22998,269500
2018-11-28,835.380005,840.650024,826.599976,833.700012,833.700012,349900
2018-11-29,835.530029,836.73999,824.02002,825.830017,825.830017,279200
2018-11-30,827.090027,827.090027,804.570007,809.070007,809.070007,602900
2018-12-03,814.049988,829.710022,807.059998,824.460022,824.460022,535700
2018-12-04,867.099976,894.369995,854.5,880.070007,880.070007,947400
2018-12-06,865.469971,877.940002,852.109985,868.679993,868.679993,593600
2018-12-07,866.869995,881.0,861.0,870.159973,870.159973,394600
2018-12-10,874.070007,890.330017,864.440002,885.869995,885.869995,374700
2018-12-11,888.76001,896.030029,873.169983,878.340027,878.340027,283700
2018-12-12,882.01001,895.890015,877.51001,889.340027,889.340027,325800
2018-12-13,886.200012,895.710022,877.799988,883.47998,883.47998,259600
2018-12-14,885.830017,893.52002,868.039978,871.23999,871.23999,369400
2018-12-17,866.710022,870.97998,840.700012,854.179993,854.179993,463000
2018-12-18,865.130005,868.48999,853.01001,857.23999,857.23999,337900
2018-12-19,857.0,865.530029,831.650024,835.869995,835.869995,411600
2018-12-20,830.969971,833.179993,817.700012,826.219971,826.219971,578300
2018-12-21,817.950012,837.669983,803.849976,826.039978,826.039978,691600
2018-12-24,826.0,833.52002,817.72998,822.820007,822.820007,163300
2018-12-26,823.299988,839.369995,820.549988,839.059998,839.059998,302300
2018-12-27,831.75,843.039978,818.830017,843.039978,843.039978,252400
2018-12-28,847.580017,856.0,835.320007,839.01001,839.01001,257500
2018-12-31,844.190002,847.059998,825.700012,838.340027,838.340027,258300
2019-01-02,831.669983,844.559998,829.01001,838.47998,838.47998,333400
2019-01-03,838.929993,850.859985,834.289978,845.580017,845.580017,361600
2019-01-04,851.390015,856.700012,832.619995,835.630005,835.630005,383800
2019-01-07,834.679993,835.630005,816.51001,822.320007,822.320007,495500
2019-01-08,830.0,830.0,798.409973,811.369995,811.369995,474700
2019-01-09,817.609985,832.619995,813.72998,820.359985,820.359985,323900
2019-01-10,815.01001,828.549988,811.0,827.340027,827.340027,305900
2019-01-11,822.840027,829.039978,817.200012,822.880005,822.880005,296900
2019-01-14,823.02002,829.369995,813.27002,826.97998,826.97998,356900
2019-01-15,826.51001,831.359985,819.5,829.580017,829.580017,287200
2019-01-16,831.73999,835.070007,819.849976,832.960022,832.960022,297400
2019-01-17,832.580017,849.0,830.460022,842.309998,842.309998,245900
2019-01-18,844.73999,855.450012,834.830017,844.320007,844.320007,299700
2019-01-22,843.98999,848.280029,824.530029,829.200012,829.200012,344900
2019-01-23,832.48999,838.23999,824.52002,834.549988,834.549988,253700
2019-01-24,831.75,836.789978,811.030029,814.789978,814.789978,341500
2019-01-25,818.390015,822.049988,805.73999,814.640015,814.640015,319700
2019-01-28,812.090027,821.409973,803.280029,819.01001,819.01001,274400
2019-01-29,818.940002,831.900024,814.5,830.659973,830.659973,258300
2019-01-30,828.919983,847.130005,828.859985,843.169983,843.169983,228600
2019-01-31,844.669983,848.440002,832.619995,847.340027,847.340027,494700
2019-02-01,848.0,854.469971,838.530029,849.909973,849.909973,253900
2019-02-04,852.299988,869.909973,848.390015,869.440002,869.440002,242700
2019-02-05,873.73999,878.02002,863.590027,869.419983,869.419983,281400
2019-02-06,870.859985,873.97998,863.97998,868.080017,868.080017,238800
2019-02-07,874.880005,879.950012,860.0,878.77002,878.77002,316100
2019-02-08,873.159973,889.880005,868.75,874.080017,874.080017,278800
2019-02-11,875.380005,888.869995,871.330017,887.909973,887.909973,276700
2019-02-12,888.549988,899.98999,887.919983,890.900024,890.900024,362700
2019-02-13,890.440002,894.549988,882.869995,891.359985,891.359985,289500
2019-02-14,888.039978,908.77002,885.51001,904.960022,904.960022,382000
2019-02-15,910.830017,922.280029,909.0,919.75,919.75,293000
2019-02-19,920.0,926.75,910.01001,916.679993,916.679993,293200
2019-02-20,917.0,925.0,908.919983,921.140015,921.140015,271200
2019-02-21,921.960022,921.960022,905.390015,906.330017,906.330017,244600
2019-02-22,910.650024,914.23999,901.039978,911.659973,911.659973,240000
2019-02-25,913.400024,914.830017,886.950012,889.599976,889.599976,364300
2019-02-26,959.890015,964.390015,932.390015,935.0,935.0,781400
2019-02-27,900.0,925.849976,900.0,911.929993,911.929993,430600
2019-02-28,910.159973,938.969971,910.159973,938.969971,938.969971,667900
2019-03-01,945.390015,946.0,919.580017,929.320007,929.320007,465700
2019-03-04,934.409973,939.0,916.849976,932.950012,932.950012,298300
2019-03-05,935.0,948.0,930.419983,939.830017,939.830017,288700
2019-03-06,944.219971,952.98999,934.780029,935.349976,935.349976,299000
2019-03-07,933.909973,943.619995,932.130005,940.549988,940.549988,445900
2019-03-08,939.119995,942.0,929.340027,934.72998,934.72998,252000
2019-03-11,948.109985,948.700012,937.659973,940.030029,940.030029,288300
2019-03-12,942.820007,942.820007,924.25,934.609985,934.609985,249700
2019-03-13,936.580017,942.72998,932.909973,940.580017,940.580017,301200
2019-03-14,943.700012,952.710022,938.289978,950.219971,950.219971,375100
2019-03-15,950.710022,962.460022,943.869995,962.22998,962.22998,359100
2019-03-18,961.840027,984.72998,961.840027,975.590027,975.590027,418900
2019-03-19,980.0,988.23999,976.380005,978.98999,978.98999,315300
2019-03-20,976.090027,982.97998,970.799988,980.97998,980.97998,323600
2019-03-21,984.5,1003.73999,983.460022,1001.090027,1001.090027,292400
2019-03-22,999.969971,1015.780029,979.25,981.27002,981.27002,299000
2019-03-25,982.469971,1002.0,982.469971,995.859985,995.859985,197100
2019-03-26,999.309998,1004.619995,987.280029,997.309998,997.309998,262300
2019-03-27,996.419983,1007.580017,989.530029,1003.200012,1003.200012,271300
2019-03-28,1004.909973,1011.460022,1003.650024,1005.169983,1005.169983,240000
2019-03-29,1010.140015,1028.099976,1005.02002,1024.119995,1024.119995,322000
2019-04-01,1039.329956,1048.530029,1018.219971,1029.709961,1029.709961,332400
2019-04-02,1032.0,1044.380005,1029.790039,1041.97998,1041.97998,202700
2019-04-03,1046.560059,1049.579956,1041.839966,1045.530029,1045.530029,187100
2019-04-04,1044.469971,1048.869995,1033.949951,1040.689941,1040.689941,219200
2019-04-05,1045.0,1049.72998,1037.27002,1048.52002,1048.52002,252000
2019-04-08,1048.160034,1058.310059,1044.0,1052.540039,1052.540039,290100
2019-04-09,1050.0,1054.410034,1037.660034,1040.400024,1040.400024,276700
2019-04-10,1046.880005,1062.52002,1042.319946,1060.170044,1060.170044,324900
2019-04-11,1063.670044,1070.920044,1058.72998,1068.569946,1068.569946,261400
2019-04-12,1069.849976,1072.219971,1055.02002,1060.300049,1060.300049,247400
2019-04-15,1064.310059,1074.670044,1057.329956,1064.589966,1064.589966,324100
2019-04-16,1069.339966,1069.959961,1057.959961,1061.589966,1061.589966,245900
2019-04-17,1067.0,1069.469971,1040.5,1051.369995,1051.369995,230700
2019-04-18,1048.930054,1050.27002,1032.069946,1045.050049,1045.050049,268800
2019-04-22,1045.0,1047.109985,1035.0,1035.199951,1035.199951,234100
2019-04-23,1035.47998,1060.76001,1032.089966,1047.76001,1047.76001,308400
2019-04-24,1048.660034,1056.939941,1040.630005,1042.599976,1042.599976,206800
2019-04-25,1034.959961,1046.619995,1023.080017,1042.349976,1042.349976,370200
2019-04-26,1023.289978,1043.22998,1023.289978,1033.550049,1033.550049,278500
2019-04-29,1032.780029,1035.859985,1021.650024,1022.5,1022.5,198300
2019-04-30,1019.940002,1030.449951,1015.460022,1028.310059,1028.310059,255100
2019-05-01,1029.709961,1045.890015,1023.070007,1023.900024,1023.900024,236900
2019-05-02,1024.920044,1039.430054,1024.290039,1038.310059,1038.310059,195500
2019-05-03,1043.0,1048.939941,1026.01001,1033.380005,1033.380005,253900
2019-05-06,1023.98999,1038.98999,1018.429993,1030.640015,1030.640015,228000
2019-05-07,1030.089966,1033.640015,1010.299988,1015.359985,1015.359985,233500
2019-05-08,1015.690002,1019.469971,1001.01001,1005.599976,1005.599976,231000
2019-05-09,1000.47998,1008.099976,994.419983,1004.47998,1004.47998,238800
2019-05-10,1000.030029,1005.549988,984.049988,1000.590027,1000.590027,250000
2019-05-13,990.150024,993.530029,980.619995,982.559998,982.559998,269200
2019-05-14,985.23999,992.809998,979.700012,989.799988,989.799988,274500
2019-05-15,987.369995,988.700012,975.590027,978.359985,978.359985,203600
2019-05-16,979.109985,992.719971,970.340027,981.340027,981.340027,274600
2019-05-17,976.369995,993.179993,976.369995,984.090027,984.090027,279600
2019-05-20,984.380005,991.52002,974.669983,977.830017,977.830017,427300
2019-05-21,1007.0,1037.52002,980.719971,1032.25,1032.25,697700
2019-05-22,1021.400024,1047.189941,1021.0,1043.930054,1043.930054,318000
2019-05-23,1037.219971,1037.219971,1020.25,1034.819946,1034.819946,284900
2019-05-24,1039.069946,1055.97998,1036.719971,1052.189941,1052.189941,375800
2019-05-28,1055.25,1081.579956,1049.47998,1051.140015,1051.140015,521500
2019-05-29,1042.920044,1045.339966,1021.52002,1027.540039,1027.540039,357000
2019-05-30,1032.959961,1047.459961,1031.300049,1045.290039,1045.290039,204900
2019-05-31,1030.5,1033.040039,1010.01001,1027.109985,1027.109985,498800
2019-06-03,1027.119995,1050.449951,1027.119995,1037.650024,1037.650024,357200
2019-06-04,1044.310059,1049.98999,1031.390015,1036.27002,1036.27002,296000
2019-06-05,1045.099976,1069.040039,1041.949951,1068.890015,1068.890015,307700
2019-06-06,1074.099976,1094.98999,1058.040039,1090.540039,1090.540039,345700
2019-06-07,1094.569946,1111.109985,1094.569946,1099.140015,1099.140015,333700
2019-06-10,1105.050049,1119.76001,1096.72998,1111.22998,1111.22998,188100
2019-06-11,1114.22998,1119.0,1092.969971,1095.390015,1095.390015,279700
2019-06-12,1095.900024,1109.02002,1090.280029,1106.77002,1106.77002,213300
2019-06-13,1115.530029,1120.0,1107.459961,1113.949951,1113.949951,200100
2019-06-14,1116.530029,1121.369995,1108.060059,1119.869995,1119.869995,192500
2019-06-17,1124.040039,1127.579956,1119.130005,1124.359985,1124.359985,213500
2019-06-18,1128.550049,1135.22998,1123.869995,1126.0,1126.0,279500
2019-06-19,1124.130005,1132.97998,1105.719971,1122.650024,1122.650024,276500
2019-06-20,1124.97998,1135.390015,1113.400024,1128.199951,1128.199951,219200
2019-06-21,1125.97998,1125.97998,1110.26001,1118.469971,1118.469971,267400
2019-06-24,1121.98999,1121.98999,1103.209961,1110.949951,1110.949951,220300
2019-06-25,1109.180054,1109.400024,1096.359985,1097.829956,1097.829956,261800
2019-06-26,1096.099976,1099.810059,1079.01001,1086.599976,1086.599976,244300
2019-06-27,1090.670044,1092.5,1077.359985,1084.079956,1084.079956,204700
2019-06-28,1094.930054,1102.290039,1085.22998,1099.469971,1099.469971,360700
2019-07-01,1109.0,1116.829956,1091.819946,1098.790039,1098.790039,200900
2019-07-02,1102.790039,1117.410034,1100.140015,1115.47998,1115.47998,175300
2019-07-03,1119.709961,1135.339966,1116.660034,1130.380005,1130.380005,107500
2019-07-05,1129.650024,1136.050049,1124.060059,1130.310059,1130.310059,129800
2019-07-08,1131.790039,1145.51001,1129.579956,1144.219971,1144.219971,163500
2019-07-09,1143.380005,1155.069946,1139.849976,1143.089966,1143.089966,181000
2019-07-10,1147.119995,1152.900024,1139.72998,1148.469971,1148.469971,155700
2019-07-11,1148.969971,1154.609985,1144.290039,1148.910034,1148.910034,190500
2019-07-12,1147.180054,1166.900024,1147.180054,1164.709961,1164.709961,142800
2019-07-15,1169.329956,1179.910034,1163.719971,1178.380005,1178.380005,179700
2019-07-16,1179.609985,1186.599976,1169.670044,1180.0,1180.0,201500
2019-07-17,1182.619995,1182.619995,1158.550049,1160.0,1160.0,221100
2019-07-18,1152.0,1163.130005,1123.140015,1162.849976,1162.849976,319500
2019-07-19,1166.27002,1181.02002,1161.72998,1172.25,1172.25,205700
2019-07-22,1172.47998,1179.300049,1166.130005,1175.160034,1175.160034,177400
2019-07-23,1175.290039,1176.400024,1157.030029,1171.310059,1171.310059,180100
2019-07-24,1171.300049,1175.089966,1162.339966,1172.939941,1172.939941,162400
2019-07-25,1167.439941,1171.910034,1142.109985,1146.209961,1146.209961,311700
2019-07-26,1146.0,1149.910034,1142.48999,1146.180054,1146.180054,233900
2019-07-29,1143.140015,1150.97998,1139.719971,1148.819946,1148.819946,191900
2019-07-30,1146.780029,1147.51001,1139.589966,1144.199951,1144.199951,170400
2019-07-31,1142.420044,1142.430054,1108.329956,1123.040039,1123.040039,275000
2019-08-01,1124.170044,1124.439941,1094.540039,1102.819946,1102.819946,328100
2019-08-02,1097.339966,1101.810059,1086.829956,1096.119995,1096.119995,250700
2019-08-05,1082.349976,1084.609985,1054.619995,1062.920044,1062.920044,391500
2019-08-06,1062.589966,1084.869995,1054.459961,1082.26001,1082.26001,232600
2019-08-07,1076.800049,1078.5,1057.060059,1074.77002,1074.77002,196600
2019-08-08,1077.660034,1094.560059,1077.660034,1088.170044,1088.170044,198900
2019-08-09,1087.130005,1107.98999,1084.369995,1088.660034,1088.660034,204100
2019-08-12,1085.459961,1085.76001,1065.349976,1072.660034,1072.660034,275100
2019-08-13,1050.0,1085.640015,1032.599976,1081.280029,1081.280029,432500
2019-08-14,1070.060059,1075.319946,1058.910034,1059.680054,1059.680054,386300
2019-08-15,1062.47998,1087.619995,1053.449951,1083.540039,1083.540039,375900
2019-08-16,1086.219971,1097.310059,1080.0,1091.73999,1091.73999,262100
2019-08-19,1099.709961,1105.939941,1088.339966,1095.5,1095.5,218300
2019-08-20,1099.349976,1109.650024,1090.780029,1091.109985,1091.109985,213100
2019-08-21,1099.280029,1102.310059,1084.76001,1087.969971,1087.969971,249900
2019-08-22,1086.040039,1092.920044,1074.319946,1081.550049,1081.550049,205300
2019-08-23,1079.439941,1088.25,1062.189941,1065.280029,1065.280029,300900
2019-08-26,1072.099976,1073.310059,1059.920044,1066.959961,1066.959961,164500
2019-08-27,1071.47998,1078.839966,1061.469971,1064.790039,1064.790039,312400
2019-08-28,1064.0,1105.459961,1060.5,1097.689941,1097.689941,338600
2019-08-29,1102.810059,1122.290039,1101.670044,1113.709961,1113.709961,236200
2019-08-30,1123.839966,1124.48999,1095.569946,1101.689941,1101.689941,297800
2019-09-03,1097.969971,1107.329956,1087.569946,1102.829956,1102.829956,175700
2019-09-04,1112.22998,1125.089966,1100.829956,1122.719971,1122.719971,200900
2019-09-05,1128.01001,1144.52002,1128.01001,1134.540039,1134.540039,203700
2019-09-06,1141.650024,1154.329956,1137.699951,1143.339966,1143.339966,206200
2019-09-09,1148.920044,1156.920044,1122.839966,1127.189941,1127.189941,407800
2019-09-10,1126.680054,1154.890015,1116.910034,1152.550049,1152.550049,284400
2019-09-11,1155.219971,1163.890015,1135.150024,1156.920044,1156.920044,294400
2019-09-12,1157.699951,1164.420044,1126.170044,1129.069946,1129.069946,372000
2019-09-13,1131.75,1150.800049,1129.449951,1149.26001,1149.26001,207000
2019-09-16,1147.069946,1150.619995,1126.920044,1130.660034,1130.660034,181000
2019-09-17,1136.170044,1162.089966,1130.670044,1156.0,1156.0,206900
2019-09-18,1157.599976,1168.680054,1156.0,1162.530029,1162.530029,206600
2019-09-19,1168.060059,1180.48999,1155.780029,1157.790039,1157.790039,259500
2019-09-20,1172.5,1174.949951,1157.01001,1159.369995,1159.369995,280900
2019-09-23,1160.939941,1167.300049,1147.26001,1147.26001,1147.26001,303600
2019-09-24,1160.0,1164.849976,1082.109985,1096.630005,1096.630005,669000
2019-09-25,1096.819946,1100.119995,1082.040039,1093.060059,1093.060059,317200
2019-09-26,1091.449951,1094.76001,1070.310059,1085.689941,1085.689941,248300
2019-09-27,1089.170044,1093.439941,1078.130005,1085.650024,1085.650024,258900
2019-09-30,1084.390015,1093.420044,1078.5,1084.619995,1084.619995,231700
2019-10-01,1081.800049,1090.25,1075.48999,1083.670044,1083.670044,236200
2019-10-02,1078.890015,1078.890015,1049.150024,1052.859985,1052.859985,238200
2019-10-03,1054.060059,1055.75,1039.73999,1052.329956,1052.329956,207900
2019-10-04,1052.599976,1060.859985,1044.150024,1060.329956,1060.329956,189500
2019-10-07,1057.400024,1069.0,1054.530029,1060.810059,1060.810059,185300
2019-10-08,1053.380005,1060.099976,1049.280029,1049.5,1049.5,146000
2019-10-09,1060.140015,1063.23999,1049.530029,1058.550049,1058.550049,135200
2019-10-10,1060.900024,1079.22998,1060.900024,1077.22998,1077.22998,180600
2019-10-11,1084.689941,1095.780029,1082.5,1085.969971,1085.969971,152500
2019-10-14,1083.640015,1089.0,1074.920044,1086.640015,1086.640015,168700
2019-10-15,1087.52002,1111.22998,1087.52002,1104.439941,1104.439941,206600
2019-10-16,1104.02002,1110.589966,1096.920044,1106.97998,1106.97998,163000
2019-10-17,1107.689941,1116.98999,1100.880005,1105.109985,1105.109985,197600
2019-10-18,1107.5,1115.0,1102.550049,1110.0,1110.0,156800
2019-10-21,1112.579956,1112.579956,1098.619995,1109.920044,1109.920044,148800
2019-10-22,1110.790039,1117.189941,1099.01001,1100.109985,1100.109985,140700
2019-10-23,1100.0,1102.849976,1090.780029,1093.47998,1093.47998,186100
2019-10-24,1110.0,1126.640015,1109.689941,1123.780029,1123.780029,246700
2019-10-25,1122.969971,1135.079956,1120.449951,1129.469971,1129.469971,238300
2019-10-28,1129.459961,1155.109985,1129.459961,1149.77002,1149.77002,194800
2019-10-29,1148.050049,1152.469971,1138.859985,1145.640015,1145.640015,157300
2019-10-30,1142.900024,1149.569946,1134.160034,1148.5,1148.5,132900
2019-10-31,1143.109985,1149.98999,1136.150024,1144.380005,1144.380005,177000
2019-11-01,1148.030029,1156.280029,1140.650024,1156.280029,1156.280029,172700
2019-11-04,1164.51001,1167.869995,1139.290039,1150.069946,1150.069946,191400
2019-11-05,1150.069946,1163.630005,1145.699951,1151.060059,1151.060059,181500
2019-11-06,1152.180054,1163.0,1144.119995,1161.47998,1161.47998,160400
2019-11-07,1166.609985,1170.23999,1160.109985,1165.609985,1165.609985,157400
2019-11-08,1166.589966,1169.439941,1155.900024,1165.859985,1165.859985,137000
2019-11-11,1163.209961,1184.98999,1163.209961,1177.050049,1177.050049,151700
2019-11-12,1161.890015,1173.0,1156.170044,1166.969971,1166.969971,206600
2019-11-13,1161.569946,1175.359985,1154.150024,1174.76001,1174.76001,176900
2019-11-14,1168.589966,1176.719971,1167.01001,1174.900024,1174.900024,106600
2019-11-15,1175.810059,1175.810059,1161.390015,1171.880005,1171.880005,222300
2019-11-18,1172.01001,1187.920044,1166.170044,1187.650024,1187.650024,200800
2019-11-19,1186.079956,1188.02002,1165.780029,1173.97998,1173.97998,172000
2019-11-20,1172.800049,1172.800049,1152.01001,1159.650024,1159.650024,127100
2019-11-21,1164.660034,1171.959961,1157.02002,1162.449951,1162.449951,154900
2019-11-22,1159.300049,1170.97998,1157.880005,1163.869995,1163.869995,124800
2019-11-25,1167.25,1175.839966,1166.339966,1167.949951,1167.949951,134300
2019-11-26,1169.130005,1181.540039,1167.73999,1177.790039,1177.790039,287500
2019-11-27,1177.550049,1183.72998,1175.569946,1182.880005,1182.880005,170900
2019-11-29,1184.98999,1188.180054,1176.280029,1177.920044,1177.920044,99200
2019-12-02,1181.540039,1181.540039,1169.23999,1177.650024,1177.650024,167900
2019-12-03,1171.0,1171.0,1144.569946,1152.300049,1152.300049,262900
2019-12-04,1152.01001,1169.969971,1150.069946,1163.089966,1163.089966,223100
2019-12-05,1164.689941,1168.660034,1157.76001,1162.660034,1162.660034,279000
2019-12-06,1167.0,1181.780029,1166.439941,1172.660034,1172.660034,213300
2019-12-09,1175.650024,1186.359985,1167.469971,1169.0,1169.0,262600
2019-12-10,1240.0,1274.410034,1225.22998,1250.0,1250.0,601300
2019-12-11,1266.560059,1268.98999,1231.959961,1244.829956,1244.829956,382000
2019-12-12,1239.170044,1253.560059,1227.689941,1230.920044,1230.920044,301300
2019-12-13,1242.339966,1242.339966,1225.459961,1235.319946,1235.319946,187900
2019-12-16,1234.0,1235.920044,1221.430054,1225.219971,1225.219971,290100
2019-12-17,1232.150024,1235.0,1220.099976,1221.829956,1221.829956,206300
2019-12-18,1222.27002,1229.290039,1214.26001,1228.050049,1228.050049,236700
2019-12-19,1222.160034,1225.560059,1212.469971,1219.079956,1219.079956,245100
2019-12-20,1228.47998,1228.47998,1219.280029,1226.73999,1226.73999,360500
2019-12-23,1225.420044,1226.73999,1213.849976,1213.869995,1213.869995,178500
2019-12-24,1213.400024,1224.089966,1213.400024,1219.310059,1219.310059,77200
2019-12-26,1217.26001,1220.380005,1209.439941,1210.719971,1210.719971,147000
2019-12-27,1211.969971,1213.329956,1200.22998,1202.589966,1202.589966,140600
2019-12-30,1205.829956,1205.829956,1179.51001,1183.25,1183.25,202500
2019-12-31,1184.219971,1193.48999,1182.77002,1191.310059,1191.310059,191500
2020-01-02,1194.859985,1197.579956,1179.609985,1189.73999,1189.73999,212200
2020-01-03,1175.73999,1190.310059,1175.73999,1187.97998,1187.97998,188800
2020-01-06,1167.01001,1177.73999,1147.140015,1165.709961,1165.709961,296800
2020-01-07,1160.670044,1168.130005,1141.390015,1145.380005,1145.380005,269100
2020-01-08,1141.630005,1157.420044,1137.349976,1147.48999,1147.48999,207900
2020-01-09,1152.069946,1154.109985,1144.150024,1145.390015,1145.390015,206000
2020-01-10,1151.0,1151.0,1130.540039,1132.219971,1132.219971,208100
2020-01-13,1128.97998,1134.040039,1118.790039,1128.369995,1128.369995,219900
2020-01-14,1125.430054,1136.959961,1115.469971,1136.599976,1136.599976,332900
2020-01-15,1129.829956,1148.689941,1129.829956,1134.290039,1134.290039,186400
2020-01-16,1143.939941,1147.079956,1136.349976,1142.119995,1142.119995,196600
2020-01-17,1144.530029,1155.469971,1140.0,1154.579956,1154.579956,310000
2020-01-21,1152.099976,1165.01001,1149.359985,1155.0,1155.0,300200
2020-01-22,1155.77002,1162.890015,1146.089966,1157.329956,1157.329956,227300
2020-01-23,1151.560059,1168.300049,1149.0,1166.0,1166.0,250300
2020-01-24,1166.349976,1167.160034,1136.780029,1140.22998,1140.22998,250100
2020-01-27,1123.219971,1127.660034,1112.699951,1114.48999,1114.48999,212000
2020-01-28,1116.630005,1119.0,1104.130005,1107.579956,1107.579956,207600
2020-01-29,1108.199951,1118.22998,1096.079956,1096.51001,1096.51001,181300
2020-01-30,1089.75,1092.630005,1079.920044,1086.579956,1086.579956,326300
2020-01-31,1080.920044,1094.530029,1056.109985,1057.959961,1057.959961,311000
2020-02-03,1062.130005,1069.319946,1050.170044,1050.449951,1050.449951,262500
2020-02-04,1058.160034,1063.959961,1042.920044,1050.209961,1050.209961,280300
2020-02-05,1056.339966,1077.02002,1050.72998,1073.25,1073.25,302100
2020-02-06,1075.26001,1081.839966,1061.689941,1062.310059,1062.310059,278500
2020-02-07,1057.060059,1066.790039,1047.869995,1058.910034,1058.910034,218500
2020-02-10,1061.23999,1066.650024,1052.290039,1053.719971,1053.719971,191600
2020-02-11,1052.369995,1056.199951,1048.51001,1051.219971,1051.219971,164700
2020-02-12,1054.640015,1066.400024,1048.089966,1063.569946,1063.569946,191300
2020-02-13,1057.689941,1071.849976,1057.689941,1066.550049,1066.550049,240200
2020-02-14,1068.23999,1073.579956,1047.430054,1053.209961,1053.209961,198700
2020-02-18,1075.0,1079.319946,1066.359985,1073.849976,1073.849976,243400
2020-02-19,1074.910034,1077.0,1066.060059,1066.790039,1066.790039,166500
2020-02-20,1065.48999,1085.849976,1065.48999,1082.52002,1082.52002,219100
2020-02-21,1077.170044,1082.410034,1062.650024,1068.030029,1068.030029,212200
2020-02-24,1051.900024,1062.98999,1043.0,1056.640015,1056.640015,333800
2020-02-25,1059.72998,1063.339966,1031.380005,1032.689941,1032.689941,307800
2020-02-26,1039.540039,1045.27002,1010.77002,1014.059998,1014.059998,295300
2020-02-27,998.900024,1033.5,994.549988,1004.97998,1004.97998,322700
2020-02-28,983.090027,1037.050049,977.059998,1032.51001,1032.51001,597800
2020-03-02,1042.0,1051.290039,1013.340027,1046.890015,1046.890015,487800
2020-03-03,1003.98999,1082.300049,997.890015,1024.709961,1024.709961,828100
2020-03-04,1040.0,1063.25,1008.669983,1058.23999,1058.23999,501200
2020-03-05,1037.719971,1043.25,1006.619995,1029.869995,1029.869995,347900
2020-03-06,1008.5,1066.709961,1002.030029,1060.310059,1060.310059,375800
2020-03-09,1013.580017,1126.0,1011.77002,1113.689941,1113.689941,576400
2020-03-10,1137.579956,1166.209961,1112.400024,1148.300049,1148.300049,612700
2020-03-11,1133.469971,1133.469971,1073.130005,1089.030029,1089.030029,424400
2020-03-12,1040.130005,1045.800049,976.900024,978.190002,978.190002,422800
2020-03-13,1020.659973,1020.659973,939.640015,1012.72998,1012.72998,458600
2020-03-16,910.0,945.150024,840.909973,851.330017,851.330017,435100
2020-03-17,870.51001,927.02002,846.679993,913.919983,913.919983,438900
2020-03-18,867.0,873.75,756.030029,808.5,808.5,421500
2020-03-19,799.469971,834.780029,730.0,827.289978,827.289978,463100
2020-03-20,830.25,831.650024,720.880005,728.130005,728.130005,470100
2020-03-23,711.650024,741.869995,684.909973,723.219971,723.219971,435100
2020-03-24,755.640015,824.98999,751.849976,808.429993,808.429993,416900
2020-03-25,821.359985,884.059998,805.23999,844.429993,844.429993,360000
2020-03-26,870.179993,895.419983,857.030029,884.98999,884.98999,362600
2020-03-27,852.27002,882.130005,827.5,851.630005,851.630005,251000
2020-03-30,834.900024,883.640015,832.919983,873.98999,873.98999,265300
2020-03-31,861.070007,878.030029,835.359985,846.0,846.0,509300
2020-04-01,809.780029,834.179993,774.909973,776.859985,776.859985,414000
2020-04-02,776.859985,797.130005,757.179993,794.650024,794.650024,358000
2020-04-03,783.48999,793.97998,764.440002,790.559998,790.559998,362000
2020-04-06,829.849976,892.349976,811.01001,875.099976,875.099976,625700
2020-04-07,933.429993,937.580017,874.299988,899.640015,899.640015,455500
2020-04-08,893.570007,944.52002,891.190002,915.219971,915.219971,302700
2020-04-09,940.0,963.719971,924.0,940.830017,940.830017,287800
2020-04-13,940.0,950.0,906.380005,942.190002,942.190002,219000
2020-04-14,953.039978,990.0,945.080017,977.140015,977.140015,268800
2020-04-15,934.26001,967.929993,932.0,932.659973,932.659973,255100
2020-04-16,944.849976,997.929993,937.210022,978.52002,978.52002,484000
2020-04-17,1006.140015,1026.050049,965.25,991.799988,991.799988,282300
2020-04-20,994.440002,1001.909973,972.929993,988.150024,988.150024,185800
2020-04-21,975.0,990.0,973.059998,978.849976,978.849976,196100
2020-04-22,988.679993,1004.98999,980.01001,999.549988,999.549988,222700
2020-04-23,1012.320007,1024.0,1005.02002,1005.710022,1005.710022,259900
2020-04-24,1017.640015,1050.569946,1008.590027,1047.040039,1047.040039,200100
2020-04-27,1054.76001,1067.27002,1049.310059,1060.52002,1060.52002,177200
2020-04-28,1063.77002,1080.0,1051.800049,1055.449951,1055.449951,207800
2020-04-29,1078.0,1082.310059,1051.27002,1054.150024,1054.150024,233200
2020-04-30,1040.839966,1049.800049,1017.950012,1020.320007,1020.320007,327400
2020-05-01,1001.049988,1017.409973,984.0,994.450012,994.450012,251000
2020-05-04,985.710022,1023.130005,982.299988,1009.940002,1009.940002,226900
2020-05-05,1021.52002,1032.140015,1014.880005,1023.159973,1023.159973,228600
2020-05-06,1029.089966,1049.300049,1007.919983,1032.359985,1032.359985,192700
2020-05-07,1042.560059,1063.76001,1007.169983,1012.159973,1012.159973,349500
2020-05-08,1032.339966,1059.689941,1017.26001,1057.900024,1057.900024,203800
2020-05-11,1051.390015,1062.800049,1036.48999,1053.880005,1053.880005,315800
2020-05-12,1061.0,1068.98999,1044.640015,1046.579956,1046.579956,275200
2020-05-13,1048.76001,1058.02002,1024.23999,1044.099976,1044.099976,318000
2020-05-14,1029.689941,1061.650024,1023.059998,1055.579956,1055.579956,229300
2020-05-15,1049.25,1083.060059,1049.25,1074.97998,1074.97998,235500
2020-05-18,1097.51001,1124.079956,1083.0,1083.0,1083.0,309400
2020-05-19,1117.670044,1117.670044,1091.829956,1104.410034,1104.410034,286900
2020-05-20,1116.369995,1142.98999,1105.02002,1113.01001,1113.01001,317400
2020-05-21,1111.829956,1113.25,1094.76001,1104.469971,1104.469971,187200
2020-05-22,1106.689941,1124.939941,1088.130005,1122.939941,1122.939941,246300
2020-05-26,1167.569946,1178.189941,1115.0,1123.199951,1123.199951,531000
2020-05-27,1140.0,1165.670044,1110.01001,1164.420044,1164.420044,325500
2020-05-28,1171.400024,1171.400024,1138.420044,1147.550049,1147.550049,288600
2020-05-29,1141.280029,1160.0,1137.199951,1147.859985,1147.859985,330300
2020-06-01,1145.47998,1153.23999,1135.650024,1138.199951,1138.199951,175400
2020-06-02,1138.76001,1140.02002,1120.0,1125.98999,1125.98999,290300
2020-06-03,1127.390015,1165.050049,1127.390015,1150.459961,1150.459961,183300
2020-06-04,1141.339966,1149.619995,1124.23999,1134.800049,1134.800049,339300
2020-06-05,1155.219971,1157.97998,1133.699951,1153.930054,1153.930054,215000
2020-06-08,1140.449951,1163.380005,1136.150024,1143.800049,1143.800049,182900
2020-06-09,1138.189941,1150.219971,1131.790039,1144.76001,1144.76001,182100
2020-06-10,1144.02002,1150.47998,1122.0,1126.880005,1126.880005,210700
2020-06-11,1109.170044,1127.26001,1090.969971,1095.699951,1095.699951,277500
2020-06-12,1119.0,1119.0,1082.02002,1100.51001,1100.51001,284100
2020-06-15,1077.410034,1124.449951,1074.449951,1118.660034,1118.660034,217800
2020-06-16,1145.280029,1160.0,1121.839966,1139.699951,1139.699951,291900
2020-06-17,1144.97998,1156.27002,1129.949951,1147.359985,1147.359985,247900
2020-06-18,1140.849976,1148.079956,1128.189941,1140.060059,1140.060059,238500
2020-06-19,1159.369995,1159.369995,1121.73999,1130.599976,1130.599976,330200
2020-06-22,1130.0,1146.670044,1120.02002,1139.680054,1139.680054,217800
2020-06-23,1144.660034,1149.170044,1133.319946,1135.02002,1135.02002,173500
2020-06-24,1129.01001,1129.01001,1098.819946,1100.209961,1100.209961,229500
2020-06-25,1096.709961,1108.099976,1081.540039,1103.300049,1103.300049,168000
2020-06-26,1099.900024,1111.199951,1097.859985,1104.930054,1104.930054,335800
2020-06-29,1116.130005,1129.709961,1098.72998,1127.920044,1127.920044,199000
2020-06-30,1128.099976,1135.800049,1111.579956,1128.119995,1128.119995,174100
2020-07-01,1125.219971,1139.0,1108.0,1130.47998,1130.47998,251200
2020-07-02,1139.819946,1152.959961,1135.349976,1148.969971,1148.969971,249700
2020-07-06,1157.569946,1160.0,1133.619995,1137.380005,1137.380005,230300
2020-07-07,1137.300049,1145.209961,1127.449951,1128.579956,1128.579956,138600
2020-07-08,1127.48999,1130.849976,1104.01001,1117.97998,1117.97998,157500
2020-07-09,1116.319946,1116.319946,1095.0,1107.76001,1107.76001,118500
2020-07-10,1106.209961,1114.630005,1090.119995,1113.589966,1113.589966,160100
2020-07-13,1119.98999,1131.589966,1106.300049,1108.329956,1108.329956,162800
2020-07-14,1108.209961,1137.619995,1107.329956,1133.369995,1133.369995,218400
2020-07-15,1145.959961,1156.160034,1141.5,1149.22998,1149.22998,295900
2020-07-16,1150.069946,1158.030029,1147.550049,1149.319946,1149.319946,154100
2020-07-17,1156.849976,1158.689941,1136.119995,1157.300049,1157.300049,139100
2020-07-20,1157.380005,1163.800049,1145.369995,1156.119995,1156.119995,113700
2020-07-21,1153.73999,1164.170044,1146.119995,1155.77002,1155.77002,143600
2020-07-22,1159.900024,1175.969971,1159.900024,1168.97998,1168.97998,212100
2020-07-23,1178.030029,1179.410034,1159.959961,1168.459961,1168.459961,162200
2020-07-24,1168.290039,1178.550049,1162.050049,1168.589966,1168.589966,135700
2020-07-27,1169.150024,1179.780029,1162.089966,1170.800049,1170.800049,228700
2020-07-28,1171.079956,1180.0,1164.77002,1166.150024,1166.150024,142100
2020-07-29,1169.869995,1185.099976,1163.98999,1179.550049,1179.550049,187400
2020-07-30,1193.930054,1230.540039,1193.930054,1209.75,1209.75,253200
2020-07-31,1210.579956,1210.579956,1190.219971,1207.420044,1207.420044,181800
2020-08-03,1212.689941,1217.25,1199.810059,1206.900024,1206.900024,158500
2020-08-04,1203.72998,1224.949951,1191.719971,1206.040039,1206.040039,132900
2020-08-05,1209.310059,1209.349976,1192.609985,1192.609985,1192.609985,234000
2020-08-06,1181.699951,1194.969971,1177.420044,1178.369995,1178.369995,157700
2020-08-07,1178.369995,1184.949951,1170.219971,1182.219971,1182.219971,200700
2020-08-10,1185.26001,1186.880005,1169.140015,1174.719971,1174.719971,128600
2020-08-11,1179.199951,1182.869995,1160.780029,1171.560059,1171.560059,162700
2020-08-12,1176.849976,1193.790039,1174.449951,1188.369995,1188.369995,167000
2020-08-13,1183.359985,1190.920044,1177.310059,1187.140015,1187.140015,103900
2020-08-14,1190.069946,1207.180054,1190.0,1196.050049,1196.050049,124100
2020-08-17,1199.01001,1210.650024,1198.650024,1207.75,1207.75,236900
2020-08-18,1215.699951,1227.27002,1203.660034,1211.810059,1211.810059,252200
2020-08-19,1213.569946,1221.47998,1200.359985,1210.0,1210.0,131500
2020-08-20,1204.859985,1213.22998,1196.329956,1203.5,1203.5,120500
2020-08-21,1206.069946,1211.310059,1200.939941,1209.069946,1209.069946,143400
2020-08-24,1211.609985,1219.130005,1201.449951,1209.930054,1209.930054,143000
2020-08-25,1209.930054,1213.97998,1188.439941,1201.660034,1201.660034,132600
2020-08-26,1198.430054,1208.47998,1188.699951,1198.01001,1198.01001,152800
2020-08-27,1203.170044,1204.459961,1193.800049,1195.890015,1195.890015,136000
2020-08-28,1193.109985,1199.709961,1178.790039,1189.119995,1189.119995,152600
2020-08-31,1188.680054,1200.849976,1175.920044,1196.310059,1196.310059,226300
2020-09-01,1198.349976,1223.469971,1193.900024,1222.430054,1222.430054,206500
2020-09-02,1227.640015,1267.930054,1225.619995,1250.349976,1250.349976,216100
2020-09-03,1245.069946,1246.890015,1205.150024,1215.699951,1215.699951,166200
2020-09-04,1216.550049,1222.180054,1194.650024,1206.790039,1206.790039,157800
2020-09-08,1204.780029,1224.300049,1196.430054,1211.48999,1211.48999,159700
2020-09-09,1216.97998,1247.160034,1212.76001,1233.0,1233.0,199900
2020-09-10,1235.680054,1238.130005,1208.550049,1216.040039,1216.040039,172200
2020-09-11,1222.660034,1240.890015,1216.719971,1234.449951,1234.449951,150500
2020-09-14,1248.959961,1251.810059,1232.25,1241.660034,1241.660034,163400
2020-09-15,1247.72998,1251.310059,1239.900024,1242.949951,1242.949951,110900
2020-09-16,1250.560059,1251.26001,1225.910034,1229.22998,1229.22998,200900
2020-09-17,1229.0,1230.0,1214.48999,1224.119995,1224.119995,176700
2020-09-18,1214.810059,1224.040039,1188.469971,1205.280029,1205.280029,364000
2020-09-21,1196.26001,1197.030029,1164.800049,1186.01001,1186.01001,342500
2020-09-22,1224.170044,1236.01001,1155.0,1166.709961,1166.709961,537100
2020-09-23,1174.439941,1174.439941,1128.01001,1128.949951,1128.949951,428400
2020-09-24,1129.109985,1145.339966,1108.619995,1129.630005,1129.630005,252100
2020-09-25,1121.76001,1146.650024,1120.550049,1135.02002,1135.02002,201600
2020-09-28,1145.47998,1162.5,1140.349976,1155.560059,1155.560059,211700
2020-09-29,1150.780029,1167.060059,1146.0,1154.920044,1154.920044,175900
2020-09-30,1153.640015,1183.579956,1153.640015,1177.640015,1177.640015,254800
2020-10-01,1181.060059,1192.949951,1168.189941,1181.719971,1181.719971,222700
2020-10-02,1169.810059,1183.76001,1158.859985,1176.98999,1176.98999,137300
2020-10-05,1174.170044,1191.76001,1174.170044,1178.27002,1178.27002,161100
2020-10-06,1180.75,1182.839966,1132.119995,1138.530029,1138.530029,251600
2020-10-07,1146.459961,1155.339966,1136.0,1139.98999,1139.98999,191000
2020-10-08,1146.109985,1157.47998,1145.920044,1150.0,1150.0,150800
2020-10-09,1156.650024,1156.650024,1137.079956,1137.73999,1137.73999,160000
2020-10-12,1142.619995,1158.719971,1129.780029,1144.060059,1144.060059,218900
2020-10-13,1142.209961,1170.98999,1142.209961,1164.589966,1164.589966,150000
2020-10-14,1192.550049,1196.76001,1163.380005,1169.030029,1169.030029,193800
2020-10-15,1160.0,1199.25,1154.280029,1193.26001,1193.26001,202600
2020-10-16,1192.439941,1206.449951,1184.5,1193.380005,1193.380005,250200
2020-10-19,1194.530029,1199.97998,1174.329956,1176.420044,1176.420044,155900
2020-10-20,1177.589966,1196.5,1176.719971,1178.619995,1178.619995,196000
2020-10-21,1179.77002,1192.459961,1174.550049,1178.119995,1178.119995,149800
2020-10-22,1176.469971,1185.0,1168.0,1175.550049,1175.550049,151400
2020-10-23,1180.51001,1187.099976,1161.459961,1183.160034,1183.160034,148900
2020-10-26,1168.75,1169.449951,1141.790039,1152.0,1152.0,148800
2020-10-27,1155.359985,1156.73999,1132.300049,1133.589966,1133.589966,179200
2020-10-28,1119.829956,1138.670044,1112.130005,1128.849976,1128.849976,241400
2020-10-29,1128.5,1142.650024,1118.48999,1129.76001,1129.76001,273900
2020-10-30,1128.02002,1135.439941,1115.359985,1128.97998,1128.97998,198200
2020-11-02,1138.550049,1160.890015,1123.959961,1141.150024,1141.150024,242800
2020-11-03,1147.25,1172.439941,1127.410034,1164.650024,1164.650024,290600
2020-11-04,1168.099976,1184.290039,1153.709961,1154.02002,1154.02002,381800
2020-11-05,1170.109985,1174.400024,1145.939941,1149.51001,1149.51001,306000
2020-11-06,1153.459961,1162.609985,1137.73999,1158.530029,1158.530029,245200
2020-11-09,1182.839966,1204.400024,1150.959961,1151.390015,1151.390015,349300
2020-11-10,1151.27002,1181.910034,1150.050049,1170.410034,1170.410034,357400
2020-11-11,1182.130005,1189.160034,1171.650024,1181.829956,1181.829956,318400
2020-11-12,1179.829956,1185.199951,1152.060059,1159.72998,1159.72998,183900
2020-11-13,1160.920044,1167.849976,1145.900024,1155.800049,1155.800049,191200
2020-11-16,1164.280029,1164.280029,1137.569946,1146.02002,1146.02002,346700
2020-11-17,1135.800049,1135.849976,1111.689941,1124.209961,1124.209961,293700
2020-11-18,1118.780029,1151.23999,1118.780029,1131.650024,1131.650024,182400
2020-11-19,1129.319946,1136.97998,1114.680054,1133.76001,1133.76001,244500
2020-11-20,1133.5,1137.540039,1112.01001,1114.199951,1114.199951,187900
2020-11-23,1114.069946,1123.619995,1106.73999,1113.410034,1113.410034,237300
2020-11-24,1123.439941,1152.310059,1112.47998,1135.790039,1135.790039,247700
2020-11-25,1137.390015,1141.22998,1120.550049,1129.599976,1129.599976,194200
2020-11-27,1127.540039,1141.339966,1118.280029,1119.23999,1119.23999,109700
2020-11-30,1114.810059,1141.97998,1106.619995,1137.650024,1137.650024,272500
2020-12-01,1148.22998,1170.819946,1140.329956,1164.839966,1164.839966,260300
2020-12-02,1157.949951,1158.880005,1130.329956,1152.219971,1152.219971,283300
2020-12-03,1147.079956,1160.410034,1144.0,1154.01001,1154.01001,181300
2020-12-04,1150.880005,1165.0,1150.790039,1162.630005,1162.630005,208200
2020-12-07,1169.900024,1172.579956,1141.630005,1157.180054,1157.180054,403500
2020-12-08,1128.0,1138.0,1085.849976,1095.98999,1095.98999,789600
2020-12-09,1107.170044,1146.400024,1098.689941,1136.670044,1136.670044,705600
2020-12-10,1127.569946,1147.839966,1122.469971,1137.849976,1137.849976,335300
2020-12-11,1146.109985,1163.099976,1137.0,1155.300049,1155.300049,329700
2020-12-14,1159.630005,1182.410034,1142.73999,1151.130005,1151.130005,346200
2020-12-15,1157.329956,1182.439941,1150.140015,1179.369995,1179.369995,350000
2020-12-16,1186.25,1210.150024,1180.609985,1190.5,1190.5,331000
2020-12-17,1196.51001,1208.130005,1172.449951,1180.890015,1180.890015,315400
2020-12-18,1180.680054,1190.170044,1174.780029,1181.900024,1181.900024,443400
2020-12-21,1177.170044,1196.189941,1166.209961,1192.910034,1192.910034,249800
2020-12-22,1192.040039,1196.060059,1177.650024,1190.189941,1190.189941,205100
2020-12-23,1187.719971,1205.640015,1179.550049,1192.98999,1192.98999,180300
2020-12-24,1195.939941,1208.01001,1187.130005,1204.219971,1204.219971,82300
2020-12-28,1210.47998,1220.97998,1186.72998,1192.619995,1192.619995,214200
2020-12-29,1192.359985,1197.369995,1172.410034,1177.119995,1177.119995,213800
2020-12-30,1177.609985,1188.310059,1175.290039,1175.869995,1175.869995,146100
2020-12-31,1173.579956,1187.469971,1169.01001,1185.439941,1185.439941,168600
2021-01-04,1183.560059,1190.900024,1166.640015,1180.400024,1180.400024,277600
2021-01-05,1175.839966,1188.449951,1164.160034,1180.349976,1180.349976,185200
2021-01-06,1175.339966,1231.77002,1175.339966,1229.699951,1229.699951,270200
2021-01-07,1228.27002,1249.02002,1218.719971,1246.040039,1246.040039,216100
2021-01-08,1248.76001,1257.530029,1240.880005,1252.920044,1252.920044,208800
2021-01-11,1248.589966,1269.329956,1246.719971,1265.459961,1265.459961,207700
2021-01-12,1265.839966,1297.819946,1264.5,1282.150024,1282.150024,256300
2021-01-13,1276.959961,1279.069946,1253.180054,1259.439941,1259.439941,237100
2021-01-14,1265.880005,1266.540039,1242.339966,1248.02002,1248.02002,184100
2021-01-15,1242.969971,1249.359985,1238.130005,1248.329956,1248.329956,257400
2021-01-19,1248.0,1251.72998,1230.189941,1238.290039,1238.290039,230800
2021-01-20,1239.170044,1244.540039,1226.23999,1239.97998,1239.97998,168800
2021-01-21,1239.339966,1251.369995,1236.349976,1246.410034,1246.410034,204600
2021-01-22,1241.390015,1241.390015,1225.369995,1227.160034,1227.160034,181200
2021-01-25,1227.0,1227.01001,1179.790039,1196.040039,1196.040039,322500
2021-01-26,1200.26001,1203.050049,1177.0,1194.550049,1194.550049,251400
2021-01-27,1184.75,1189.560059,1116.0,1137.209961,1137.209961,554900
2021-01-28,1137.290039,1162.209961,1133.180054,1146.640015,1146.640015,402400
2021-01-29,1145.0,1147.030029,1111.709961,1118.369995,1118.369995,349100
2021-02-01,1125.0,1168.47998,1122.23999,1159.329956,1159.329956,292700
2021-02-02,1160.160034,1206.209961,1160.160034,1193.670044,1193.670044,242500
2021-02-03,1187.839966,1203.400024,1181.01001,1194.599976,1194.599976,160500
2021-02-04,1200.0,1224.890015,1198.810059,1220.390015,1220.390015,207400
2021-02-05,1230.51001,1232.829956,1215.390015,1220.430054,1220.430054,231000
2021-02-08,1220.430054,1234.27002,1219.709961,1224.949951,1224.949951,161200
2021-02-09,1224.599976,1237.890015,1217.390015,1224.319946,1224.319946,198700
2021-02-10,1235.160034,1235.23999,1211.140015,1212.670044,1212.670044,205000
2021-02-11,1210.969971,1218.209961,1139.180054,1150.420044,1150.420044,366400
2021-02-12,1151.119995,1166.329956,1143.329956,1146.650024,1146.650024,191100
2021-02-16,1143.0,1181.650024,1143.0,1173.319946,1173.319946,225200
2021-02-17,1165.369995,1200.469971,1165.369995,1192.969971,1192.969971,184800
2021-02-18,1190.449951,1217.680054,1185.369995,1211.290039,1211.290039,187400
2021-02-19,1212.339966,1222.5,1198.310059,1205.72998,1205.72998,208100
2021-02-22,1207.469971,1207.469971,1183.800049,1188.589966,1188.589966,260900
2021-02-23,1195.310059,1197.219971,1175.109985,1185.189941,1185.189941,221000
2021-02-24,1182.22998,1194.02002,1168.060059,1189.859985,1189.859985,217800
2021-02-25,1185.619995,1199.880005,1155.670044,1160.569946,1160.569946,300500
2021-02-26,1170.040039,1184.0,1159.449951,1159.920044,1159.920044,353000
2021-03-01,1173.800049,1180.949951,1164.410034,1169.390015,1169.390015,339300
2021-03-02,1184.900024,1200.0,1146.949951,1180.0,1180.0,380100
2021-03-03,1184.01001,1191.680054,1150.76001,1179.73999,1179.73999,351200
2021-03-04,1178.199951,1189.189941,1145.160034,1168.439941,1168.439941,314300
2021-03-05,1174.680054,1225.689941,1168.0,1220.25,1220.25,271200
2021-03-08,1220.0,1251.75,1220.0,1241.109985,1241.109985,247100
2021-03-09,1254.630005,1256.949951,1222.420044,1222.48999,1222.48999,194500
2021-03-10,1230.560059,1263.76001,1213.790039,1256.0,1256.0,260800
2021-03-11,1255.97998,1276.900024,1246.560059,1261.930054,1261.930054,228200
2021-03-12,1268.040039,1290.630005,1266.290039,1285.52002,1285.52002,210600
2021-03-15,1283.439941,1297.050049,1274.47998,1295.219971,1295.219971,171400
2021-03-16,1294.540039,1303.25,1279.410034,1299.0,1299.0,260100
2021-03-17,1306.300049,1307.219971,1285.219971,1290.939941,1290.939941,287800
2021-03-18,1286.920044,1313.810059,1286.790039,1303.579956,1303.579956,224100
2021-03-19,1299.26001,1339.869995,1293.050049,1324.76001,1324.76001,526300
2021-03-22,1325.949951,1343.920044,1325.609985,1341.219971,1341.219971,262700
2021-03-23,1343.060059,1354.180054,1322.75,1323.569946,1323.569946,235700
2021-03-24,1330.560059,1363.630005,1329.209961,1353.48999,1353.48999,283700
2021-03-25,1349.469971,1378.199951,1343.310059,1374.410034,1374.410034,301300
2021-03-26,1374.26001,1424.01001,1370.790039,1413.72998,1413.72998,289100
2021-03-29,1416.839966,1440.550049,1409.939941,1432.280029,1432.280029,251700
2021-03-30,1432.280029,1446.23999,1405.280029,1425.359985,1425.359985,228200
2021-03-31,1429.829956,1429.829956,1402.199951,1404.300049,1404.300049,224200
2021-04-01,1407.920044,1422.910034,1397.199951,1418.839966,1418.839966,164700
2021-04-05,1425.0,1431.930054,1413.060059,1415.880005,1415.880005,148700
2021-04-06,1410.530029,1441.0,1409.040039,1431.849976,1431.849976,208100
2021-04-07,1438.079956,1439.959961,1414.22998,1423.27002,1423.27002,168800
2021-04-08,1421.219971,1423.319946,1408.119995,1417.150024,1417.150024,137900
2021-04-09,1422.27002,1441.890015,1409.72998,1438.5,1438.5,240000
2021-04-12,1439.800049,1458.180054,1433.48999,1454.189941,1454.189941,207900
2021-04-13,1454.910034,1454.910034,1430.5,1435.910034,1435.910034,147800
2021-04-14,1437.849976,1455.359985,1424.099976,1450.890015,1450.890015,171200
2021-04-15,1451.01001,1470.930054,1450.719971,1467.439941,1467.439941,108100
2021-04-16,1475.839966,1499.73999,1468.880005,1495.839966,1495.839966,237600
2021-04-19,1495.73999,1516.589966,1494.199951,1504.300049,1504.300049,149900
2021-04-20,1512.349976,1524.97998,1501.689941,1514.109985,1514.109985,161000
2021-04-21,1500.969971,1515.869995,1483.550049,1486.890015,1486.890015,199900
2021-04-22,1488.609985,1490.72998,1465.099976,1478.869995,1478.869995,181600
2021-04-23,1487.02002,1487.02002,1451.77002,1471.349976,1471.349976,178200
2021-04-26,1466.52002,1467.0,1443.180054,1443.880005,1443.880005,169800
2021-04-27,1451.329956,1462.160034,1441.699951,1455.790039,1455.790039,188300
2021-04-28,1464.25,1478.849976,1453.140015,1460.0,1460.0,171700
2021-04-29,1468.27002,1478.560059,1452.069946,1474.959961,1474.959961,190300
2021-04-30,1472.449951,1477.810059,1463.339966,1464.119995,1464.119995,201500
2021-05-03,1475.599976,1488.23999,1467.459961,1475.829956,1475.829956,141000
2021-05-04,1479.859985,1488.48999,1469.859985,1477.0,1477.0,210200
2021-05-05,1481.01001,1481.97998,1454.449951,1472.109985,1472.109985,170100
2021-05-06,1478.0,1493.01001,1474.839966,1488.849976,1488.849976,180000
2021-05-07,1491.469971,1510.079956,1480.26001,1507.199951,1507.199951,161800
2021-05-10,1513.170044,1542.300049,1507.280029,1519.619995,1519.619995,187100
2021-05-11,1513.890015,1516.109985,1478.680054,1495.130005,1495.130005,193200
2021-05-12,1505.25,1519.76001,1488.880005,1495.880005,1495.880005,267800
2021-05-13,1495.189941,1541.26001,1495.189941,1533.76001,1533.76001,180900
2021-05-14,1538.089966,1539.449951,1501.699951,1527.579956,1527.579956,139000
2021-05-17,1529.410034,1540.27002,1523.339966,1531.890015,1531.890015,138600
2021-05-18,1532.089966,1538.949951,1509.300049,1510.869995,1510.869995,160000
2021-05-19,1500.290039,1502.47998,1458.619995,1466.819946,1466.819946,220900
2021-05-20,1466.800049,1488.640015,1466.619995,1471.77002,1471.77002,139900
2021-05-21,1475.01001,1487.170044,1452.75,1460.26001,1460.26001,283100
2021-05-24,1461.030029,1472.160034,1442.23999,1448.400024,1448.400024,251200
2021-05-25,1453.599976,1455.0,1411.22998,1420.560059,1420.560059,432600
2021-05-26,1415.609985,1419.02002,1388.849976,1410.0,1410.0,287200
2021-05-27,1420.640015,1425.52002,1406.060059,1411.219971,1411.219971,237100
2021-05-28,1408.0,1422.47998,1405.530029,1406.599976,1406.599976,175300
2021-06-01,1414.810059,1415.719971,1398.02002,1410.849976,1410.849976,198000
2021-06-02,1419.609985,1419.609985,1400.0,1404.670044,1404.670044,160800
2021-06-03,1391.910034,1401.209961,1388.900024,1392.199951,1392.199951,174600
2021-06-04,1397.040039,1397.040039,1367.959961,1387.209961,1387.209961,192700
2021-06-07,1381.380005,1394.920044,1373.47998,1384.650024,1384.650024,215200
2021-06-08,1384.349976,1399.930054,1375.060059,1393.130005,1393.130005,173000
2021-06-09,1393.189941,1394.800049,1381.469971,1386.849976,1386.849976,134100
2021-06-10,1390.23999,1392.540039,1371.140015,1374.530029,1374.530029,209700
2021-06-11,1378.819946,1395.660034,1376.22998,1394.609985,1394.609985,157300
2021-06-14,1394.77002,1399.060059,1374.530029,1385.98999,1385.98999,175000
2021-06-15,1390.140015,1404.219971,1377.030029,1403.040039,1403.040039,191500
2021-06-16,1398.26001,1402.599976,1383.969971,1390.469971,1390.469971,156600
2021-06-17,1397.469971,1397.469971,1374.130005,1390.900024,1390.900024,171300
2021-06-18,1376.77002,1398.22998,1376.77002,1386.280029,1386.280029,329600
2021-06-21,1400.0,1419.589966,1399.609985,1415.599976,1415.599976,160200
2021-06-22,1418.599976,1440.060059,1411.400024,1434.5,1434.5,169100
2021-06-23,1436.540039,1449.949951,1418.26001,1443.030029,1443.030029,174300
2021-06-24,1447.199951,1459.550049,1441.839966,1454.550049,1454.550049,178900
2021-06-25,1454.869995,1486.209961,1454.560059,1479.27002,1479.27002,439100
2021-06-28,1479.209961,1498.439941,1472.310059,1496.160034,1496.160034,181800
2021-06-29,1500.0,1503.300049,1486.969971,1491.699951,1491.699951,151000
2021-06-30,1496.0,1504.369995,1488.040039,1492.219971,1492.219971,154900
2021-07-01,1497.650024,1528.780029,1494.969971,1525.72998,1525.72998,182700
2021-07-02,1525.810059,1551.48999,1525.810059,1549.449951,1549.449951,144500
2021-07-06,1546.849976,1554.900024,1535.819946,1542.25,1542.25,193000
2021-07-07,1536.359985,1552.599976,1535.209961,1549.290039,1549.290039,156000
2021-07-08,1534.079956,1546.550049,1524.449951,1537.47998,1537.47998,132100
2021-07-09,1556.140015,1566.160034,1545.300049,1564.530029,1564.530029,177500
2021-07-12,1563.26001,1585.310059,1556.599976,1577.550049,1577.550049,163200
2021-07-13,1573.040039,1579.449951,1552.439941,1557.359985,1557.359985,156300
2021-07-14,1558.339966,1582.410034,1554.97998,1579.969971,1579.969971,122700
2021-07-15,1574.150024,1599.810059,1573.130005,1597.079956,1597.079956,165000
2021-07-16,1600.0,1612.329956,1593.48999,1605.300049,1605.300049,141900
2021-07-19,1606.040039,1612.0,1571.47998,1584.569946,1584.569946,181800
2021-07-20,1587.76001,1611.550049,1587.76001,1601.75,1601.75,167700
2021-07-21,1602.959961,1608.97998,1579.380005,1591.25,1591.25,142100
2021-07-22,1591.839966,1600.0,1580.910034,1593.900024,1593.900024,148000
2021-07-23,1598.0,1632.810059,1591.430054,1632.130005,1632.130005,118800
2021-07-26,1629.880005,1633.800049,1614.969971,1622.160034,1622.160034,149000
2021-07-27,1615.02002,1628.209961,1600.849976,1624.949951,1624.949951,130800
2021-07-28,1629.47998,1631.209961,1606.969971,1608.599976,1608.599976,110300
2021-07-29,1615.680054,1633.51001,1594.050049,1625.910034,1625.910034,142300
2021-07-30,1623.869995,1631.0,1614.01001,1623.569946,1623.569946,132200
2021-08-02,1633.439941,1638.310059,1609.550049,1634.01001,1634.01001,150300
2021-08-03,1628.420044,1666.630005,1628.420044,1660.109985,1660.109985,137800
2021-08-04,1661.890015,1663.75,1634.390015,1644.900024,1644.900024,139100
2021-08-05,1654.170044,1658.030029,1625.72998,1639.609985,1639.609985,109100
2021-08-06,1637.72998,1646.680054,1626.170044,1629.849976,1629.849976,112500
2021-08-09,1632.150024,1636.599976,1612.130005,1616.73999,1616.73999,109000
2021-08-10,1618.829956,1643.97998,1613.790039,1632.819946,1632.819946,163000
2021-08-11,1634.060059,1650.040039,1633.369995,1637.189941,1637.189941,104000
2021-08-12,1636.22998,1639.22998,1619.02002,1630.5,1630.5,130200
2021-08-13,1630.109985,1634.640015,1609.040039,1612.609985,1612.609985,118800
2021-08-16,1610.0,1635.640015,1607.130005,1633.069946,1633.069946,141000
2021-08-17,1627.459961,1630.0,1599.709961,1616.469971,1616.469971,133500
2021-08-18,1614.849976,1632.319946,1607.390015,1613.800049,1613.800049,114800
2021-08-19,1601.569946,1641.280029,1600.0,1632.640015,1632.640015,106800
2021-08-20,1637.410034,1653.869995,1630.98999,1640.76001,1640.76001,154600
2021-08-23,1643.589966,1656.290039,1617.449951,1622.97998,1622.97998,120300
2021-08-24,1615.969971,1624.290039,1594.709961,1599.97998,1599.97998,150300
2021-08-25,1597.420044,1617.219971,1588.73999,1613.410034,1613.410034,123300
2021-08-26,1607.939941,1607.939941,1586.790039,1588.900024,1588.900024,151100
2021-08-27,1578.589966,1578.589966,1544.310059,1548.48999,1548.48999,231300
2021-08-30,1555.75,1562.880005,1544.01001,1555.709961,1555.709961,166700
2021-08-31,1551.02002,1559.949951,1540.410034,1549.150024,1549.150024,251000
2021-09-01,1553.089966,1553.579956,1530.02002,1540.089966,1540.089966,207200
2021-09-02,1538.560059,1545.599976,1503.300049,1520.650024,1520.650024,213200
2021-09-03,1516.380005,1540.339966,1508.859985,1537.25,1537.25,149600
2021-09-07,1529.98999,1545.380005,1522.959961,1526.219971,1526.219971,131300
2021-09-08,1529.189941,1558.060059,1521.01001,1556.349976,1556.349976,152200
2021-09-09,1557.22998,1564.699951,1547.319946,1551.890015,1551.890015,119300
2021-09-10,1557.920044,1567.369995,1548.849976,1550.560059,1550.560059,117300
2021-09-13,1548.630005,1561.199951,1540.97998,1553.099976,1553.099976,179500
2021-09-14,1563.640015,1565.959961,1550.609985,1563.77002,1563.77002,164100
2021-09-15,1568.52002,1597.880005,1552.650024,1596.719971,1596.719971,155700
2021-09-16,1605.449951,1616.170044,1591.050049,1607.420044,1607.420044,135800
2021-09-17,1602.660034,1619.810059,1592.579956,1592.880005,1592.880005,263100
2021-09-20,1583.619995,1597.630005,1559.430054,1585.160034,1585.160034,221100
2021-09-21,1616.0,1660.0,1605.969971,1643.069946,1643.069946,287700
2021-09-22,1655.0,1694.27002,1642.050049,1683.76001,1683.76001,238900
2021-09-23,1692.390015,1704.02002,1675.0,1687.790039,1687.790039,210200
2021-09-24,1660.0,1703.0,1660.0,1694.829956,1694.829956,218500
2021-09-27,1692.400024,1702.550049,1678.51001,1691.329956,1691.329956,160500
2021-09-28,1694.099976,1701.349976,1668.920044,1688.569946,1688.569946,153400
2021-09-29,1697.599976,1738.780029,1688.77002,1737.0,1737.0,228600
2021-09-30,1727.339966,1734.01001,1679.209961,1697.98999,1697.98999,327400
2021-10-01,1706.77002,1706.77002,1657.459961,1672.280029,1672.280029,200600
2021-10-04,1663.439941,1676.73999,1634.339966,1642.51001,1642.51001,190200
2021-10-05,1655.030029,1673.27002,1639.119995,1651.219971,1651.219971,169900
2021-10-06,1660.189941,1679.920044,1647.290039,1663.810059,1663.810059,205300
2021-10-07,1662.280029,1690.819946,1654.27002,1683.72998,1683.72998,158000
2021-10-08,1681.079956,1699.300049,1666.709961,1681.369995,1681.369995,125800
2021-10-11,1680.189941,1697.469971,1674.030029,1674.079956,1674.079956,109800
2021-10-12,1677.310059,1679.819946,1657.22998,1677.290039,1677.290039,124800
2021-10-13,1675.25,1687.98999,1649.589966,1683.079956,1683.079956,140800
2021-10-14,1689.430054,1719.969971,1685.97998,1717.550049,1717.550049,147800
2021-10-15,1731.959961,1741.910034,1722.430054,1736.030029,1736.030029,177300
2021-10-18,1733.430054,1767.880005,1730.349976,1758.48999,1758.48999,238000
2021-10-19,1758.329956,1777.920044,1753.719971,1764.209961,1764.209961,174800
2021-10-20,1771.27002,1791.969971,1763.660034,1769.050049,1769.050049,191500
2021-10-21,1781.5,1815.569946,1780.719971,1807.680054,1807.680054,185200
2021-10-22,1811.22998,1840.550049,1793.5,1832.890015,1832.890015,175200
2021-10-25,1839.209961,1844.98999,1812.22998,1821.089966,1821.089966,142500
2021-10-26,1828.300049,1833.0,1812.099976,1826.0,1826.0,139000
2021-10-27,1824.880005,1837.540039,1817.839966,1825.859985,1825.859985,138000
2021-10-28,1825.27002,1831.390015,1775.449951,1780.099976,1780.099976,203700
2021-10-29,1779.72998,1796.920044,1772.040039,1784.839966,1784.839966,232300
2021-11-01,1794.050049,1801.0,1767.52002,1779.439941,1779.439941,177000
2021-11-02,1785.280029,1802.949951,1779.0,1788.150024,1788.150024,180900
2021-11-03,1791.27002,1799.310059,1768.719971,1791.680054,1791.680054,140000
2021-11-04,1799.380005,1832.48999,1794.76001,1809.050049,1809.050049,145900
2021-11-05,1822.369995,1830.0,1802.27002,1817.939941,1817.939941,116100
2021-11-08,1826.550049,1835.0,1799.089966,1820.930054,1820.930054,140100
2021-11-09,1824.900024,1868.689941,1814.319946,1866.380005,1866.380005,190500
2021-11-10,1863.209961,1897.52002,1863.209961,1881.420044,1881.420044,195600
2021-11-11,1878.589966,1904.0,1876.109985,1886.890015,1886.890015,129500
2021-11-12,1896.449951,1904.839966,1880.180054,1886.22998,1886.22998,120500
2021-11-15,1895.23999,1921.369995,1886.089966,1911.839966,1911.839966,153200
2021-11-16,1907.160034,1941.359985,1905.079956,1911.280029,1911.280029,140300
2021-11-17,1920.0,1922.349976,1892.5,1893.839966,1893.839966,122300
2021-11-18,1893.839966,1893.839966,1873.23999,1875.849976,1875.849976,138500
2021-11-19,1886.900024,1886.900024,1856.98999,1859.680054,1859.680054,202700
2021-11-22,1860.280029,1875.890015,1851.380005,1864.880005,1864.880005,114400
2021-11-23,1874.150024,1883.780029,1849.569946,1880.099976,1880.099976,119300
2021-11-24,1866.319946,1870.439941,1852.0,1855.050049,1855.050049,122900
2021-11-26,1836.51001,1843.140015,1806.890015,1814.180054,1814.180054,90600
2021-11-29,1828.099976,1855.430054,1815.819946,1838.689941,1838.689941,137300
2021-11-30,1835.0,1852.800049,1812.969971,1817.069946,1817.069946,218400
2021-12-01,1835.569946,1861.150024,1806.829956,1806.829956,1806.829956,139000
2021-12-02,1817.589966,1873.859985,1816.02002,1868.290039,1868.290039,146900
2021-12-03,1875.459961,1897.880005,1855.140015,1863.0,1863.0,175500
2021-12-06,1877.810059,1886.01001,1858.22998,1879.98999,1879.98999,178700
2021-12-07,1914.369995,2028.660034,1890.709961,2023.569946,2023.569946,280400
2021-12-08,2013.76001,2019.969971,1940.599976,1988.859985,1988.859985,251100
2021-12-09,1978.22998,2008.23999,1951.859985,1965.829956,1965.829956,268800
2021-12-10,1975.790039,2006.670044,1958.949951,2003.02002,2003.02002,161300
2021-12-13,2001.380005,2001.390015,1963.630005,1986.099976,1986.099976,169800
2021-12-14,1982.97998,2011.209961,1971.079956,1999.540039,1999.540039,158200
2021-12-15,1991.469971,2053.0,1983.800049,2048.590088,2048.590088,166800
2021-12-16,2057.01001,2065.719971,2008.48999,2011.219971,2011.219971,170000
2021-12-17,2016.339966,2016.339966,1972.869995,1996.369995,1996.369995,342000
2021-12-20,1985.930054,1997.839966,1941.050049,1994.300049,1994.300049,170500
2021-12-21,2012.099976,2012.099976,1975.0,1990.369995,1990.369995,124600
2021-12-22,1989.630005,2028.0,1989.420044,2024.160034,2024.160034,92800
2021-12-23,2027.040039,2039.51001,2007.599976,2014.5,2014.5,103100
2021-12-27,2014.97998,2047.890015,2004.73999,2047.060059,2047.060059,72500
2021-12-28,2048.389893,2064.169922,2037.400024,2059.939941,2059.939941,83900
2021-12-29,2067.649902,2110.0,2058.280029,2104.040039,2104.040039,100800
2021-12-30,2103.0,2107.209961,2076.879883,2084.52002,2084.52002,76200
2021-12-31,2083.689941,2107.899902,2069.370117,2096.389893,2096.389893,105700
2022-01-03,2077.48999,2089.189941,2024.5,2045.109985,2045.109985,150300
2022-01-04,2058.189941,2098.389893,2046.869995,2080.25,2080.25,148100
2022-01-05,2075.0,2096.899902,2031.920044,2034.030029,2034.030029,196800
2022-01-06,2046.839966,2075.800049,2040.349976,2062.48999,2062.48999,135500
2022-01-07,2044.339966,2049.209961,2006.300049,2014.77002,2014.77002,130500
2022-01-10,1997.670044,2015.01001,1960.030029,2012.660034,2012.660034,147000
2022-01-11,2012.660034,2025.23999,1975.02002,2000.97998,2000.97998,139000
2022-01-12,2010.219971,2055.090088,2002.76001,2052.879883,2052.879883,195900
2022-01-13,2058.040039,2077.070068,2042.599976,2048.399902,2048.399902,115000
2022-01-14,2030.0,2057.709961,2020.119995,2033.47998,2033.47998,123200
2022-01-18,2008.449951,2012.76001,1953.599976,1967.560059,1967.560059,178900
2022-01-19,1981.089966,1991.969971,1945.189941,1945.890015,1945.890015,120500
2022-01-20,1957.400024,1988.680054,1930.219971,1932.709961,1932.709961,151400
2022-01-21,1939.26001,1964.5,1932.72998,1942.170044,1942.170044,171800
2022-01-24,1920.660034,1979.829956,1891.280029,1972.130005,1972.130005,285200
2022-01-25,1960.569946,1964.089966,1915.150024,1930.939941,1930.939941,202500
2022-01-26,1952.439941,1952.439941,1876.569946,1881.699951,1881.699951,243000
2022-01-27,1904.689941,1927.5,1891.290039,1907.72998,1907.72998,185400
2022-01-28,1912.920044,1952.540039,1893.02002,1951.160034,1951.160034,166100
2022-01-31,1944.300049,1996.369995,1944.300049,1986.349976,1986.349976,243700
2022-02-01,1983.060059,2014.880005,1974.51001,2011.569946,2011.569946,192600
2022-02-02,2032.459961,2071.070068,2024.589966,2064.179932,2064.179932,198000
2022-02-03,2040.939941,2078.72998,2025.52002,2030.170044,2030.170044,223800
2022-02-04,2024.209961,2041.099976,1975.359985,2018.699951,2018.699951,175800
2022-02-07,2023.890015,2045.530029,1989.77002,1996.5,1996.5,182700
2022-02-08,1991.880005,2047.599976,1980.030029,2017.01001,2017.01001,157100
2022-02-09,2035.880005,2047.439941,1995.0,2005.310059,2005.310059,142200
2022-02-10,1944.829956,1952.369995,1904.839966,1939.540039,1939.540039,355500
2022-02-11,1947.800049,1991.579956,1940.0,1949.109985,1949.109985,182800
2022-02-14,1942.849976,1947.160034,1906.76001,1924.599976,1924.599976,190200
2022-02-15,1936.77002,1938.579956,1913.810059,1933.900024,1933.900024,152300
2022-02-16,1929.98999,1947.670044,1901.540039,1927.469971,1927.469971,137400
2022-02-17,1919.810059,1933.109985,1885.0,1893.109985,1893.109985,133400
2022-02-18,1886.640015,1931.969971,1886.640015,1920.01001,1920.01001,122000
2022-02-22,1914.079956,1927.660034,1842.130005,1850.900024,1850.900024,182700
2022-02-23,1860.98999,1863.829956,1781.800049,1794.280029,1794.280029,221600
2022-02-24,1759.02002,1799.72998,1759.02002,1794.77002,1794.77002,215200
2022-02-25,1811.97998,1869.930054,1795.52002,1864.630005,1864.630005,187200
2022-02-28,1829.689941,1875.0,1825.060059,1863.390015,1863.390015,294600
2022-03-01,1880.0,1953.959961,1760.0,1817.060059,1817.060059,394300
2022-03-02,1819.98999,1891.52002,1818.47998,1878.77002,1878.77002,243600
2022-03-03,1879.530029,1895.680054,1837.969971,1885.349976,1885.349976,162900
2022-03-04,1870.630005,1897.209961,1856.72998,1891.359985,1891.359985,167200
2022-03-07,1878.709961,1903.040039,1848.849976,1860.300049,1860.300049,234300
2022-03-08,1860.390015,1907.119995,1836.609985,1849.119995,1849.119995,186900
2022-03-09,1896.040039,1903.51001,1867.380005,1884.560059,1884.560059,172000
2022-03-10,1865.829956,1870.910034,1844.369995,1867.900024,1867.900024,122600
2022-03-11,1870.719971,1894.680054,1860.439941,1864.589966,1864.589966,98000
2022-03-14,1879.560059,1905.0,1860.079956,1869.22998,1869.22998,164000
2022-03-15,1894.670044,1928.380005,1891.699951,1923.939941,1923.939941,181200
2022-03-16,1927.040039,1975.599976,1927.040039,1970.73999,1970.73999,393400
2022-03-17,1962.449951,1970.5,1910.339966,1945.300049,1945.300049,208000
2022-03-18,1937.810059,1954.369995,1881.910034,1952.75,1952.75,307900
2022-03-21,1936.140015,1960.319946,1924.180054,1938.689941,1938.689941,169100
2022-03-22,1958.170044,1965.199951,1938.75,1946.819946,1946.819946,193000
2022-03-23,1950.0,1977.410034,1928.709961,1972.280029,1972.280029,186700
2022-03-24,1969.380005,2014.410034,1945.459961,2013.609985,2013.609985,161900
2022-03-25,2025.359985,2043.47998,1990.050049,2027.290039,2027.290039,185700
2022-03-28,2025.0,2034.859985,2000.75,2019.540039,2019.540039,165600
2022-03-29,2050.0,2082.199951,2030.530029,2077.72998,2077.72998,254100
2022-03-30,2067.870117,2078.0,2052.610107,2064.080078,2064.080078,168700
2022-03-31,2066.860107,2072.360107,2043.98999,2044.579956,2044.579956,166100
2022-04-01,2066.129883,2067.300049,1971.640015,1974.51001,1974.51001,214000
2022-04-04,1964.099976,2017.98999,1958.400024,2016.380005,2016.380005,168300
2022-04-05,1992.27002,2046.23999,1992.27002,2041.530029,2041.530029,162100
2022-04-06,2020.170044,2074.98999,2019.959961,2072.75,2072.75,168900
2022-04-07,2063.51001,2160.48999,2063.51001,2155.590088,2155.590088,246800
2022-04-08,2162.97998,2221.570068,2150.909912,2190.560059,2190.560059,205000
2022-04-11,2199.639893,2204.219971,2151.620117,2158.47998,2158.47998,194100
2022-04-12,2163.47998,2186.389893,2152.959961,2168.439941,2168.439941,143500
2022-04-13,2160.050049,2172.179932,2136.830078,2171.429932,2171.429932,132200
2022-04-14,2179.439941,2193.709961,2164.600098,2164.600098,2164.600098,91100
2022-04-18,2152.199951,2190.879883,2145.080078,2174.649902,2174.649902,139500
2022-04-19,2178.399902,2202.030029,2169.040039,2196.790039,2196.790039,121900
2022-04-20,2212.76001,2267.22998,2211.110107,2254.030029,2254.030029,158700
2022-04-21,2261.27002,2267.399902,2227.100098,2233.310059,2233.310059,122600
2022-04-22,2212.280029,2212.590088,2155.02002,2160.27002,2160.27002,149400
2022-04-25,2154.879883,2204.659912,2120.800049,2195.679932,2195.679932,165900
2022-04-26,2180.0,2229.47998,2165.310059,2195.939941,2195.939941,224800
2022-04-27,2193.23999,2225.0,2174.0,2181.340088,2181.340088,152600
2022-04-28,2085.879883,2085.879883,2010.48999,2014.439941,2014.439941,333700
2022-04-29,2006.170044,2006.170044,1950.140015,1955.469971,1955.469971,275400
2022-05-02,1964.599976,2009.98999,1963.77002,2006.689941,2006.689941,188400
2022-05-03,2002.47998,2014.0,1962.26001,1976.290039,1976.290039,141800
2022-05-04,1986.060059,2054.580078,1976.310059,2054.580078,2054.580078,165000
2022-05-05,2039.869995,2043.109985,1954.400024,1973.089966,1973.089966,138900
2022-05-06,1959.0,2002.030029,1918.420044,2000.0,2000.0,170600
2022-05-09,1971.73999,1992.420044,1939.839966,1951.660034,1951.660034,172700
2022-05-10,1975.589966,1984.410034,1921.969971,1950.890015,1950.890015,162400
2022-05-11,1964.339966,1974.959961,1927.630005,1930.97998,1930.97998,174800
2022-05-12,1940.709961,1981.189941,1916.400024,1954.76001,1954.76001,190000
2022-05-13,1969.98999,2022.599976,1960.069946,2001.109985,2001.109985,186400
2022-05-16,1988.339966,2034.099976,1970.369995,2023.48999,2023.48999,133600
2022-05-17,2056.149902,2056.149902,2008.819946,2031.869995,2031.869995,196900
2022-05-18,2002.609985,2002.609985,1807.910034,1839.619995,1839.619995,382500
2022-05-19,1830.0,1919.569946,1817.72998,1889.390015,1889.390015,304300
2022-05-20,1882.660034,1886.530029,1703.319946,1771.680054,1771.680054,443100
2022-05-23,1773.839966,1821.130005,1759.099976,1805.219971,1805.219971,314100
2022-05-24,1884.829956,1916.76001,1780.400024,1910.219971,1910.219971,403200
2022-05-25,1901.949951,1978.079956,1882.180054,1964.660034,1964.660034,293200
2022-05-26,1986.689941,2039.910034,1980.880005,2028.959961,2028.959961,235600
2022-05-27,2034.0,2069.340088,2010.01001,2055.389893,2055.389893,226700
2022-05-31,2056.080078,2082.070068,2033.709961,2059.649902,2059.649902,244800
2022-06-01,2046.0,2060.399902,2035.109985,2035.109985,2035.109985,153600
2022-06-02,2046.589966,2062.909912,1996.939941,2061.300049,2061.300049,136900
2022-06-03,2044.73999,2070.300049,2040.719971,2058.040039,2058.040039,94900
2022-06-06,2070.959961,2107.429932,2051.600098,2099.060059,2099.060059,149500
2022-06-07,2080.0,2121.719971,2065.22998,2119.97998,2119.97998,120500
2022-06-08,2096.209961,2120.629883,2089.389893,2092.350098,2092.350098,104600
2022-06-09,2082.300049,2130.5,2082.300049,2101.149902,2101.149902,133400
2022-06-10,2066.169922,2084.790039,2050.709961,2064.459961,2064.459961,112900
2022-06-13,2031.560059,2056.110107,2012.079956,2026.660034,2026.660034,160100
2022-06-14,2024.5,2068.550049,2008.050049,2033.579956,2033.579956,166700
2022-06-15,2028.0,2054.340088,1991.060059,2013.810059,2013.810059,173100
2022-06-16,2017.969971,2024.180054,1968.109985,2001.160034,2001.160034,201200
2022-06-17,1983.98999,2005.0,1959.579956,1992.550049,1992.550049,412000
2022-06-21,2026.23999,2037.76001,1980.73999,2032.119995,2032.119995,151400
2022-06-22,2043.550049,2090.909912,2013.280029,2071.620117,2071.620117,144600
2022-06-23,2100.0,2119.280029,2067.0,2108.639893,2108.639893,154100
2022-06-24,2127.639893,2175.27002,2106.97998,2158.909912,2158.909912,442200
2022-06-27,2190.0,2200.219971,2159.449951,2169.27002,2169.27002,166200
2022-06-28,2168.0,2195.570068,2116.51001,2125.330078,2125.330078,194200
2022-06-29,2127.5,2165.040039,2106.27002,2140.0,2140.0,137900
2022-06-30,2131.929932,2173.149902,2100.090088,2149.120117,2149.120117,232900
2022-07-01,2148.610107,2165.060059,2114.050049,2159.810059,2159.810059,110800
2022-07-05,2139.719971,2160.0,2103.070068,2140.389893,2140.389893,185300
2022-07-06,2137.459961,2182.5,2123.780029,2167.540039,2167.540039,160400
2022-07-07,2170.01001,2177.320068,2133.110107,2168.600098,2168.600098,113900
2022-07-08,2177.850098,2210.159912,2166.580078,2182.370117,2182.370117,149300
2022-07-11,2188.23999,2189.22998,2160.01001,2160.01001,2160.01001,129000
2022-07-12,2164.889893,2190.629883,2152.070068,2158.600098,2158.600098,96000
2022-07-13,2155.840088,2197.830078,2155.840088,2174.889893,2174.889893,120700
2022-07-14,2135.649902,2185.110107,2122.659912,2175.340088,2175.340088,180100
2022-07-15,2198.080078,2218.850098,2169.870117,2215.030029,2215.030029,152000
2022-07-18,2228.320068,2246.409912,2180.189941,2191.800049,2191.800049,132300
2022-07-19,2216.780029,2224.320068,2182.679932,2224.320068,2224.320068,169600
2022-07-20,2224.810059,2234.879883,2182.790039,2194.530029,2194.530029,143200
2022-07-21,2181.110107,2200.25,2115.27002,2138.75,2138.75,247300
2022-07-22,2139.889893,2163.030029,2136.929932,2147.620117,2147.620117,146700
2022-07-25,2148.840088,2169.330078,2135.360107,2144.870117,2144.870117,118100
2022-07-26,2120.149902,2133.169922,2078.830078,2097.399902,2097.399902,202500
2022-07-27,2102.860107,2144.959961,2064.22998,2132.669922,2132.669922,137300
2022-07-28,2127.850098,2146.790039,2079.689941,2130.449951,2130.449951,205700
2022-07-29,2123.149902,2141.540039,2108.449951,2137.389893,2137.389893,156100
2022-08-01,2119.530029,2170.52002,2113.820068,2161.360107,2161.360107,126200
2022-08-02,2164.469971,2164.469971,2127.23999,2153.919922,2153.919922,144600
2022-08-03,2169.620117,2183.360107,2113.959961,2148.030029,2148.030029,201800
2022-08-04,2150.909912,2191.179932,2145.919922,2164.129883,2164.129883,154000
2022-08-05,2152.27002,2196.639893,2148.939941,2195.189941,2195.189941,92400
2022-08-08,2200.040039,2230.639893,2200.040039,2218.669922,2218.669922,90700
2022-08-09,2228.189941,2241.52002,2199.919922,2222.51001,2222.51001,111200
2022-08-10,2249.100098,2250.350098,2208.820068,2223.27002,2223.27002,143000
2022-08-11,2233.22998,2244.110107,2219.899902,2230.830078,2230.830078,101600
2022-08-12,2230.610107,2259.22998,2221.72998,2259.179932,2259.179932,129300
2022-08-15,2259.98999,2293.189941,2245.050049,2285.959961,2285.959961,116900
2022-08-16,2279.429932,2362.23999,2279.429932,2329.52002,2329.52002,191900
2022-08-17,2327.870117,2354.199951,2321.090088,2328.600098,2328.600098,169000
2022-08-18,2318.070068,2353.189941,2308.600098,2320.090088,2320.090088,133300
2022-08-19,2320.0,2340.840088,2310.929932,2332.090088,2332.090088,121300
2022-08-22,2321.939941,2344.590088,2309.72998,2310.669922,2310.669922,118500
2022-08-23,2308.0,2318.639893,2287.959961,2291.48999,2291.48999,97800
2022-08-24,2244.129883,2246.280029,2206.399902,2231.810059,2231.810059,194300
2022-08-25,2223.959961,2227.340088,2182.080078,2223.600098,2223.600098,134800
2022-08-26,2234.47998,2234.47998,2162.219971,2163.02002,2163.02002,118700
2022-08-29,2145.070068,2186.790039,2138.790039,2167.360107,2167.360107,124800
2022-08-30,2167.360107,2169.100098,2131.939941,2137.02002,2137.02002,96400
2022-08-31,2132.100098,2147.830078,2116.679932,2119.209961,2119.209961,169600
2022-09-01,2115.659912,2146.639893,2110.679932,2145.590088,2145.590088,133500
2022-09-02,2150.830078,2160.98999,2112.350098,2120.879883,2120.879883,137200
2022-09-06,2121.149902,2145.72998,2119.080078,2130.860107,2130.860107,119800
2022-09-07,2147.649902,2197.860107,2144.52002,2197.060059,2197.060059,130200
2022-09-08,2182.909912,2200.090088,2165.790039,2193.25,2193.25,114800
2022-09-09,2195.75,2214.800049,2177.629883,2199.080078,2199.080078,111000
2022-09-12,2202.97998,2222.169922,2202.97998,2220.379883,2220.379883,137500
2022-09-13,2200.0,2200.199951,2133.5,2138.360107,2138.360107,152700
2022-09-14,2153.23999,2153.23999,2105.709961,2133.01001,2133.01001,141500
2022-09-15,2146.310059,2155.899902,2124.790039,2144.939941,2144.939941,173700
2022-09-16,2138.050049,2185.129883,2126.449951,2165.649902,2165.649902,263800
2022-09-19,2204.370117,2220.0,2065.290039,2097.590088,2097.590088,403300
2022-09-20,2088.699951,2148.149902,2082.600098,2131.469971,2131.469971,253400
2022-09-21,2150.51001,2172.399902,2102.600098,2104.02002,2104.02002,146900
2022-09-22,2102.300049,2102.300049,2059.350098,2082.639893,2082.639893,157300
2022-09-23,2051.379883,2106.419922,2050.209961,2096.840088,2096.840088,187800
2022-09-26,2100.47998,2135.0,2091.159912,2093.679932,2093.679932,197800
2022-09-27,2106.439941,2130.26001,2088.52002,2099.5,2099.5,181700
2022-09-28,2120.659912,2179.25,2107.659912,2169.439941,2169.439941,143500
2022-09-29,2150.939941,2161.620117,2131.76001,2159.02002,2159.02002,125900
2022-09-30,2153.929932,2165.939941,2120.0,2141.929932,2141.929932,171300
2022-10-03,2163.350098,2205.850098,2157.75,2197.709961,2197.709961,141300
2022-10-04,2206.300049,2219.01001,2177.699951,2205.030029,2205.030029,136900
2022-10-05,2205.219971,2273.639893,2184.659912,2245.449951,2245.449951,162800
2022-10-06,2244.360107,2258.47998,2214.419922,2215.879883,2215.879883,180100
2022-10-07,2213.959961,2213.959961,2165.860107,2174.0,2174.0,139700
2022-10-10,2175.649902,2235.75,2165.050049,2233.540039,2233.540039,138600
2022-10-11,2223.870117,2293.860107,2223.870117,2267.51001,2267.51001,182700
2022-10-12,2263.810059,2271.459961,2239.530029,2245.98999,2245.98999,162000
2022-10-13,2225.429932,2291.060059,2212.639893,2282.76001,2282.76001,193900
2022-10-14,2279.75,2300.0,2255.169922,2255.169922,2255.169922,165100
2022-10-17,2261.0,2305.0,2258.080078,2289.790039,2289.790039,141300
2022-10-18,2311.689941,2323.419922,2272.02002,2306.860107,2306.860107,156500
2022-10-19,2314.959961,2330.070068,2283.110107,2289.800049,2289.800049,133100
2022-10-20,2309.310059,2309.310059,2249.360107,2258.830078,2258.830078,195600
2022-10-21,2250.330078,2307.47998,2250.330078,2301.030029,2301.030029,197900
2022-10-24,2320.780029,2423.800049,2320.780029,2407.52002,2407.52002,209400
2022-10-25,2416.570068,2463.23999,2379.330078,2439.889893,2439.889893,222300
2022-10-26,2434.889893,2450.0,2401.209961,2423.679932,2423.679932,125000
2022-10-27,2443.469971,2548.469971,2423.709961,2521.77002,2521.77002,235200
2022-10-28,2524.120117,2554.669922,2495.52002,2543.5,2543.5,210000
2022-10-31,2525.969971,2560.01001,2525.550049,2532.879883,2532.879883,188700
2022-11-01,2554.52002,2554.52002,2525.709961,2535.0,2535.0,130300
2022-11-02,2529.98999,2541.330078,2478.679932,2478.679932,2478.679932,157700
2022-11-03,2473.300049,2499.51001,2440.02002,2478.459961,2478.459961,123100
2022-11-04,2478.570068,2495.929932,2432.719971,2465.100098,2465.100098,155200
2022-11-07,2460.52002,2524.199951,2454.350098,2505.01001,2505.01001,89800
2022-11-08,2503.699951,2525.189941,2469.629883,2495.600098,2495.600098,101600
2022-11-09,2496.300049,2507.050049,2464.030029,2464.889893,2464.889893,108500
2022-11-10,2506.340088,2511.590088,2450.860107,2467.659912,2467.659912,181600
2022-11-11,2461.48999,2461.48999,2342.050049,2408.98999,2408.98999,201300
2022-11-14,2416.77002,2479.27002,2400.719971,2446.879883,2446.879883,143500
2022-11-15,2456.689941,2459.209961,2393.120117,2425.600098,2425.600098,156600
2022-11-16,2382.879883,2480.149902,2382.879883,2450.51001,2450.51001,161900
2022-11-17,2432.189941,2449.25,2404.820068,2420.820068,2420.820068,120700
2022-11-18,2434.47998,2462.320068,2421.120117,2460.840088,2460.840088,98500
2022-11-21,2477.75,2510.969971,2460.879883,2501.0,2501.0,100600
2022-11-22,2519.800049,2537.120117,2507.0,2528.810059,2528.810059,79200
2022-11-23,2527.98999,2538.540039,2512.389893,2516.580078,2516.580078,95100
2022-11-25,2535.600098,2575.290039,2526.77002,2562.120117,2562.120117,60800
2022-11-28,2558.669922,2572.449951,2537.889893,2545.97998,2545.97998,132700
2022-11-29,2550.0,2570.0,2520.77002,2556.050049,2556.050049,124100
2022-11-30,2559.129883,2587.600098,2536.139893,2579.0,2579.0,183500
2022-12-01,2609.290039,2610.050049,2539.280029,2552.969971,2552.969971,126000
2022-12-02,2541.51001,2579.689941,2539.360107,2571.590088,2571.590088,152600
2022-12-05,2550.0,2566.689941,2522.0,2526.919922,2526.919922,198900
2022-12-06,2441.0,2499.5,2386.75,2456.919922,2456.919922,401400
2022-12-07,2460.0,2487.0,2442.02002,2455.26001,2455.26001,164500
2022-12-08,2454.330078,2497.800049,2454.330078,2488.899902,2488.899902,132100
2022-12-09,2480.0,2491.800049,2449.310059,2454.98999,2454.98999,124700
2022-12-12,2475.23999,2475.780029,2435.070068,2451.949951,2451.949951,123200
2022-12-13,2485.820068,2492.179932,2389.469971,2393.459961,2393.459961,178100
2022-12-14,2388.780029,2402.620117,2354.899902,2360.469971,2360.469971,159800
2022-12-15,2343.820068,2372.340088,2333.290039,2358.5,2358.5,212900
2022-12-16,2342.399902,2389.899902,2337.73999,2380.449951,2380.449951,326600
2022-12-19,2394.580078,2406.060059,2369.879883,2379.169922,2379.169922,157200
2022-12-20,2377.97998,2400.0,2368.459961,2384.149902,2384.149902,112600
2022-12-21,2392.0,2434.360107,2364.919922,2430.47998,2430.47998,138100
2022-12-22,2416.27002,2416.27002,2377.02002,2403.860107,2403.860107,119600
2022-12-23,2393.899902,2440.600098,2393.899902,2430.649902,2430.649902,66200
2022-12-27,2434.610107,2465.389893,2429.780029,2454.320068,2454.320068,83900
2022-12-28,2450.0,2481.01001,2450.0,2461.629883,2461.629883,100400
2022-12-29,2470.48999,2489.600098,2452.790039,2464.379883,2464.379883,74800
2022-12-30,2464.47998,2471.570068,2452.189941,2466.179932,2466.179932,69400
